Name,CDF2
Comment,CDF run2
Reference,arXiv:1207.7138
Process type,DY
Number of points,82
Number of uncorr.errors,1
Number of corr.errors,1
Number of norm.errors,1
List of norm.errors (relative),0.058
Total cross-section nomalized,False
List of points 
Point id,process id,s[GeV^2],<Q>[GeV],Qmin[GeV],Qmax[GeV],<y>,yMin,yMax,<qT>[GeV],qTMin[GeV],qTMax[GeV],xSec,Uncorr.Err.0,Corr.Err.0,Th.Factor,FiducialCuts,kCut1[GeV],kCut2[GeV],etaMin,etaMax
CDF2.0,1 / 1 / -1 / 3,3841600.0,91.0,66.0,116.0,0.0,-1000.0,1000.0,0.25,0.0,0.5,3.613,0.168,0.035,2.0,False,0.0,0.0,-1000.0,1000.0
CDF2.1,1 / 1 / -1 / 3,3841600.0,91.0,66.0,116.0,0.0,-1000.0,1000.0,0.75,0.5,1.0,10.08,0.27,0.1,2.0,False,0.0,0.0,-1000.0,1000.0
CDF2.2,1 / 1 / -1 / 3,3841600.0,91.0,66.0,116.0,0.0,-1000.0,1000.0,1.25,1.0,1.5,15.51,0.33,0.15,2.0,False,0.0,0.0,-1000.0,1000.0
CDF2.3,1 / 1 / -1 / 3,3841600.0,91.0,66.0,116.0,0.0,-1000.0,1000.0,1.75,1.5,2.0,19.47,0.37,0.19,2.0,False,0.0,0.0,-1000.0,1000.0
CDF2.4,1 / 1 / -1 / 3,3841600.0,91.0,66.0,116.0,0.0,-1000.0,1000.0,2.25,2.0,2.5,21.58,0.39,0.21,2.0,False,0.0,0.0,-1000.0,1000.0
CDF2.5,1 / 1 / -1 / 3,3841600.0,91.0,66.0,116.0,0.0,-1000.0,1000.0,2.75,2.5,3.0,22.95,0.4,0.23,2.0,False,0.0,0.0,-1000.0,1000.0
CDF2.6,1 / 1 / -1 / 3,3841600.0,91.0,66.0,116.0,0.0,-1000.0,1000.0,3.25,3.0,3.5,22.58,0.39,0.22,2.0,False,0.0,0.0,-1000.0,1000.0
CDF2.7,1 / 1 / -1 / 3,3841600.0,91.0,66.0,116.0,0.0,-1000.0,1000.0,3.75,3.5,4.0,22.35,0.39,0.22,2.0,False,0.0,0.0,-1000.0,1000.0
CDF2.8,1 / 1 / -1 / 3,3841600.0,91.0,66.0,116.0,0.0,-1000.0,1000.0,4.25,4.0,4.5,20.61,0.37,0.21,2.0,False,0.0,0.0,-1000.0,1000.0
CDF2.9,1 / 1 / -1 / 3,3841600.0,91.0,66.0,116.0,0.0,-1000.0,1000.0,4.75,4.5,5.0,19.87,0.36,0.2,2.0,False,0.0,0.0,-1000.0,1000.0
CDF2.10,1 / 1 / -1 / 3,3841600.0,91.0,66.0,116.0,0.0,-1000.0,1000.0,5.25,5.0,5.5,18.76,0.35,0.19,2.0,False,0.0,0.0,-1000.0,1000.0
CDF2.11,1 / 1 / -1 / 3,3841600.0,91.0,66.0,116.0,0.0,-1000.0,1000.0,5.75,5.5,6.0,17.29,0.34,0.17,2.0,False,0.0,0.0,-1000.0,1000.0
CDF2.12,1 / 1 / -1 / 3,3841600.0,91.0,66.0,116.0,0.0,-1000.0,1000.0,6.25,6.0,6.5,15.63,0.32,0.16,2.0,False,0.0,0.0,-1000.0,1000.0
CDF2.13,1 / 1 / -1 / 3,3841600.0,91.0,66.0,116.0,0.0,-1000.0,1000.0,6.75,6.5,7.0,14.68,0.31,0.15,2.0,False,0.0,0.0,-1000.0,1000.0
CDF2.14,1 / 1 / -1 / 3,3841600.0,91.0,66.0,116.0,0.0,-1000.0,1000.0,7.25,7.0,7.5,13.74,0.3,0.14,2.0,False,0.0,0.0,-1000.0,1000.0
CDF2.15,1 / 1 / -1 / 3,3841600.0,91.0,66.0,116.0,0.0,-1000.0,1000.0,7.75,7.5,8.0,13.07,0.3,0.13,2.0,False,0.0,0.0,-1000.0,1000.0
CDF2.16,1 / 1 / -1 / 3,3841600.0,91.0,66.0,116.0,0.0,-1000.0,1000.0,8.25,8.0,8.5,11.83,0.28,0.12,2.0,False,0.0,0.0,-1000.0,1000.0
CDF2.17,1 / 1 / -1 / 3,3841600.0,91.0,66.0,116.0,0.0,-1000.0,1000.0,8.75,8.5,9.0,11.12,0.27,0.11,2.0,False,0.0,0.0,-1000.0,1000.0
CDF2.18,1 / 1 / -1 / 3,3841600.0,91.0,66.0,116.0,0.0,-1000.0,1000.0,9.25,9.0,9.5,10.33,0.26,0.11,2.0,False,0.0,0.0,-1000.0,1000.0
CDF2.19,1 / 1 / -1 / 3,3841600.0,91.0,66.0,116.0,0.0,-1000.0,1000.0,9.75,9.5,10.0,10.24,0.27,0.11,2.0,False,0.0,0.0,-1000.0,1000.0
CDF2.20,1 / 1 / -1 / 3,3841600.0,91.0,66.0,116.0,0.0,-1000.0,1000.0,10.25,10.0,10.5,9.043,0.244,0.094,2.0,False,0.0,0.0,-1000.0,1000.0
CDF2.21,1 / 1 / -1 / 3,3841600.0,91.0,66.0,116.0,0.0,-1000.0,1000.0,10.75,10.5,11.0,8.295,0.231,0.084,2.0,False,0.0,0.0,-1000.0,1000.0
CDF2.22,1 / 1 / -1 / 3,3841600.0,91.0,66.0,116.0,0.0,-1000.0,1000.0,11.25,11.0,11.5,8.319,0.239,0.085,2.0,False,0.0,0.0,-1000.0,1000.0
CDF2.23,1 / 1 / -1 / 3,3841600.0,91.0,66.0,116.0,0.0,-1000.0,1000.0,11.75,11.5,12.0,7.78,0.229,0.079,2.0,False,0.0,0.0,-1000.0,1000.0
CDF2.24,1 / 1 / -1 / 3,3841600.0,91.0,66.0,116.0,0.0,-1000.0,1000.0,12.25,12.0,12.5,7.465,0.227,0.076,2.0,False,0.0,0.0,-1000.0,1000.0
CDF2.25,1 / 1 / -1 / 3,3841600.0,91.0,66.0,116.0,0.0,-1000.0,1000.0,12.75,12.5,13.0,6.839,0.215,0.069,2.0,False,0.0,0.0,-1000.0,1000.0
CDF2.26,1 / 1 / -1 / 3,3841600.0,91.0,66.0,116.0,0.0,-1000.0,1000.0,13.25,13.0,13.5,6.411,0.208,0.065,2.0,False,0.0,0.0,-1000.0,1000.0
CDF2.27,1 / 1 / -1 / 3,3841600.0,91.0,66.0,116.0,0.0,-1000.0,1000.0,13.75,13.5,14.0,6.22,0.208,0.064,2.0,False,0.0,0.0,-1000.0,1000.0
CDF2.28,1 / 1 / -1 / 3,3841600.0,91.0,66.0,116.0,0.0,-1000.0,1000.0,14.25,14.0,14.5,5.89,0.204,0.06,2.0,False,0.0,0.0,-1000.0,1000.0
CDF2.29,1 / 1 / -1 / 3,3841600.0,91.0,66.0,116.0,0.0,-1000.0,1000.0,14.75,14.5,15.0,5.363,0.19,0.055,2.0,False,0.0,0.0,-1000.0,1000.0
CDF2.30,1 / 1 / -1 / 3,3841600.0,91.0,66.0,116.0,0.0,-1000.0,1000.0,15.25,15.0,15.5,5.186,0.19,0.053,2.0,False,0.0,0.0,-1000.0,1000.0
CDF2.31,1 / 1 / -1 / 3,3841600.0,91.0,66.0,116.0,0.0,-1000.0,1000.0,15.75,15.5,16.0,4.792,0.181,0.049,2.0,False,0.0,0.0,-1000.0,1000.0
CDF2.32,1 / 1 / -1 / 3,3841600.0,91.0,66.0,116.0,0.0,-1000.0,1000.0,16.25,16.0,16.5,4.431,0.172,0.045,2.0,False,0.0,0.0,-1000.0,1000.0
CDF2.33,1 / 1 / -1 / 3,3841600.0,91.0,66.0,116.0,0.0,-1000.0,1000.0,16.75,16.5,17.0,4.149,0.165,0.042,2.0,False,0.0,0.0,-1000.0,1000.0
CDF2.34,1 / 1 / -1 / 3,3841600.0,91.0,66.0,116.0,0.0,-1000.0,1000.0,17.25,17.0,17.5,4.346,0.179,0.044,2.0,False,0.0,0.0,-1000.0,1000.0
CDF2.35,1 / 1 / -1 / 3,3841600.0,91.0,66.0,116.0,0.0,-1000.0,1000.0,17.75,17.5,18.0,3.931,0.166,0.04,2.0,False,0.0,0.0,-1000.0,1000.0
CDF2.36,1 / 1 / -1 / 3,3841600.0,91.0,66.0,116.0,0.0,-1000.0,1000.0,18.25,18.0,18.5,3.757,0.163,0.038,2.0,False,0.0,0.0,-1000.0,1000.0
CDF2.37,1 / 1 / -1 / 3,3841600.0,91.0,66.0,116.0,0.0,-1000.0,1000.0,18.75,18.5,19.0,3.753,0.167,0.038,2.0,False,0.0,0.0,-1000.0,1000.0
CDF2.38,1 / 1 / -1 / 3,3841600.0,91.0,66.0,116.0,0.0,-1000.0,1000.0,19.25,19.0,19.5,3.586,0.163,0.036,2.0,False,0.0,0.0,-1000.0,1000.0
CDF2.39,1 / 1 / -1 / 3,3841600.0,91.0,66.0,116.0,0.0,-1000.0,1000.0,19.75,19.5,20.0,3.303,0.154,0.034,2.0,False,0.0,0.0,-1000.0,1000.0
CDF2.40,1 / 1 / -1 / 3,3841600.0,91.0,66.0,116.0,0.0,-1000.0,1000.0,20.25,20.0,20.5,2.952,0.142,0.03,2.0,False,0.0,0.0,-1000.0,1000.0
CDF2.41,1 / 1 / -1 / 3,3841600.0,91.0,66.0,116.0,0.0,-1000.0,1000.0,20.75,20.5,21.0,2.923,0.143,0.03,2.0,False,0.0,0.0,-1000.0,1000.0
CDF2.42,1 / 1 / -1 / 3,3841600.0,91.0,66.0,116.0,0.0,-1000.0,1000.0,21.25,21.0,21.5,2.877,0.144,0.03,2.0,False,0.0,0.0,-1000.0,1000.0
CDF2.43,1 / 1 / -1 / 3,3841600.0,91.0,66.0,116.0,0.0,-1000.0,1000.0,21.75,21.5,22.0,2.603,0.134,0.027,2.0,False,0.0,0.0,-1000.0,1000.0
CDF2.44,1 / 1 / -1 / 3,3841600.0,91.0,66.0,116.0,0.0,-1000.0,1000.0,22.25,22.0,22.5,2.624,0.139,0.027,2.0,False,0.0,0.0,-1000.0,1000.0
CDF2.45,1 / 1 / -1 / 3,3841600.0,91.0,66.0,116.0,0.0,-1000.0,1000.0,22.75,22.5,23.0,2.59,0.14,0.026,2.0,False,0.0,0.0,-1000.0,1000.0
CDF2.46,1 / 1 / -1 / 3,3841600.0,91.0,66.0,116.0,0.0,-1000.0,1000.0,23.25,23.0,23.5,2.516,0.139,0.026,2.0,False,0.0,0.0,-1000.0,1000.0
CDF2.47,1 / 1 / -1 / 3,3841600.0,91.0,66.0,116.0,0.0,-1000.0,1000.0,23.75,23.5,24.0,2.2,0.124,0.022,2.0,False,0.0,0.0,-1000.0,1000.0
CDF2.48,1 / 1 / -1 / 3,3841600.0,91.0,66.0,116.0,0.0,-1000.0,1000.0,24.25,24.0,24.5,1.948,0.113,0.02,2.0,False,0.0,0.0,-1000.0,1000.0
CDF2.49,1 / 1 / -1 / 3,3841600.0,91.0,66.0,116.0,0.0,-1000.0,1000.0,24.75,24.5,25.0,2.179,0.129,0.022,2.0,False,0.0,0.0,-1000.0,1000.0
CDF2.50,1 / 1 / -1 / 3,3841600.0,91.0,66.0,116.0,0.0,-1000.0,1000.0,25.5,25.0,26.0,2.032,0.085,0.021,1.0,False,0.0,0.0,-1000.0,1000.0
CDF2.51,1 / 1 / -1 / 3,3841600.0,91.0,66.0,116.0,0.0,-1000.0,1000.0,26.5,26.0,27.0,1.736,0.076,0.018,1.0,False,0.0,0.0,-1000.0,1000.0
CDF2.52,1 / 1 / -1 / 3,3841600.0,91.0,66.0,116.0,0.0,-1000.0,1000.0,27.5,27.0,28.0,1.633,0.075,0.016,1.0,False,0.0,0.0,-1000.0,1000.0
CDF2.53,1 / 1 / -1 / 3,3841600.0,91.0,66.0,116.0,0.0,-1000.0,1000.0,28.5,28.0,29.0,1.616,0.077,0.016,1.0,False,0.0,0.0,-1000.0,1000.0
CDF2.54,1 / 1 / -1 / 3,3841600.0,91.0,66.0,116.0,0.0,-1000.0,1000.0,29.5,29.0,30.0,1.381,0.069,0.014,1.0,False,0.0,0.0,-1000.0,1000.0
CDF2.55,1 / 1 / -1 / 3,3841600.0,91.0,66.0,116.0,0.0,-1000.0,1000.0,31.0,30.0,32.0,1.284,0.045,0.013,0.5,False,0.0,0.0,-1000.0,1000.0
CDF2.56,1 / 1 / -1 / 3,3841600.0,91.0,66.0,116.0,0.0,-1000.0,1000.0,33.0,32.0,34.0,1.005,0.039,0.01,0.5,False,0.0,0.0,-1000.0,1000.0
CDF2.57,1 / 1 / -1 / 3,3841600.0,91.0,66.0,116.0,0.0,-1000.0,1000.0,35.0,34.0,36.0,0.8769,0.0361,0.0088,0.5,False,0.0,0.0,-1000.0,1000.0
CDF2.58,1 / 1 / -1 / 3,3841600.0,91.0,66.0,116.0,0.0,-1000.0,1000.0,37.0,36.0,38.0,0.7959,0.0352,0.0079,0.5,False,0.0,0.0,-1000.0,1000.0
CDF2.59,1 / 1 / -1 / 3,3841600.0,91.0,66.0,116.0,0.0,-1000.0,1000.0,39.0,38.0,40.0,0.7068,0.0336,0.007,0.5,False,0.0,0.0,-1000.0,1000.0
CDF2.60,1 / 1 / -1 / 3,3841600.0,91.0,66.0,116.0,0.0,-1000.0,1000.0,42.0,40.0,44.0,0.5605,0.0193,0.0055,0.25,False,0.0,0.0,-1000.0,1000.0
CDF2.61,1 / 1 / -1 / 3,3841600.0,91.0,66.0,116.0,0.0,-1000.0,1000.0,46.0,44.0,48.0,0.46,0.0179,0.0044,0.25,False,0.0,0.0,-1000.0,1000.0
CDF2.62,1 / 1 / -1 / 3,3841600.0,91.0,66.0,116.0,0.0,-1000.0,1000.0,50.0,48.0,52.0,0.3552,0.0156,0.0033,0.25,False,0.0,0.0,-1000.0,1000.0
CDF2.63,1 / 1 / -1 / 3,3841600.0,91.0,66.0,116.0,0.0,-1000.0,1000.0,54.0,52.0,56.0,0.276,0.0136,0.0025,0.25,False,0.0,0.0,-1000.0,1000.0
CDF2.64,1 / 1 / -1 / 3,3841600.0,91.0,66.0,116.0,0.0,-1000.0,1000.0,58.0,56.0,60.0,0.2311,0.0128,0.002,0.25,False,0.0,0.0,-1000.0,1000.0
CDF2.65,1 / 1 / -1 / 3,3841600.0,91.0,66.0,116.0,0.0,-1000.0,1000.0,62.5,60.0,65.0,0.1618,0.0089,0.0014,0.2,False,0.0,0.0,-1000.0,1000.0
CDF2.66,1 / 1 / -1 / 3,3841600.0,91.0,66.0,116.0,0.0,-1000.0,1000.0,67.5,65.0,70.0,0.1343,0.0084,0.0011,0.2,False,0.0,0.0,-1000.0,1000.0
CDF2.67,1 / 1 / -1 / 3,3841600.0,91.0,66.0,116.0,0.0,-1000.0,1000.0,72.5,70.0,75.0,0.1094,0.0078,0.0009,0.2,False,0.0,0.0,-1000.0,1000.0
CDF2.68,1 / 1 / -1 / 3,3841600.0,91.0,66.0,116.0,0.0,-1000.0,1000.0,77.5,75.0,80.0,0.08415,0.00678,0.00068,0.2,False,0.0,0.0,-1000.0,1000.0
CDF2.69,1 / 1 / -1 / 3,3841600.0,91.0,66.0,116.0,0.0,-1000.0,1000.0,82.5,80.0,85.0,0.06347,0.00565,0.00049,0.2,False,0.0,0.0,-1000.0,1000.0
CDF2.70,1 / 1 / -1 / 3,3841600.0,91.0,66.0,116.0,0.0,-1000.0,1000.0,87.5,85.0,90.0,0.04982,0.00504,0.00038,0.2,False,0.0,0.0,-1000.0,1000.0
CDF2.71,1 / 1 / -1 / 3,3841600.0,91.0,66.0,116.0,0.0,-1000.0,1000.0,92.5,90.0,95.0,0.03786,0.00422,0.00028,0.2,False,0.0,0.0,-1000.0,1000.0
CDF2.72,1 / 1 / -1 / 3,3841600.0,91.0,66.0,116.0,0.0,-1000.0,1000.0,97.5,95.0,100.0,0.02988,0.00389,0.00023,0.2,False,0.0,0.0,-1000.0,1000.0
CDF2.73,1 / 1 / -1 / 3,3841600.0,91.0,66.0,116.0,0.0,-1000.0,1000.0,105.0,100.0,110.0,0.02298,0.00227,0.00016,0.1,False,0.0,0.0,-1000.0,1000.0
CDF2.74,1 / 1 / -1 / 3,3841600.0,91.0,66.0,116.0,0.0,-1000.0,1000.0,115.0,110.0,120.0,0.01449,0.00178,0.0001,0.1,False,0.0,0.0,-1000.0,1000.0
CDF2.75,1 / 1 / -1 / 3,3841600.0,91.0,66.0,116.0,0.0,-1000.0,1000.0,125.0,120.0,130.0,0.009369,0.001389,6.4e-05,0.1,False,0.0,0.0,-1000.0,1000.0
CDF2.76,1 / 1 / -1 / 3,3841600.0,91.0,66.0,116.0,0.0,-1000.0,1000.0,135.0,130.0,140.0,0.008395,0.001496,5.5e-05,0.1,False,0.0,0.0,-1000.0,1000.0
CDF2.77,1 / 1 / -1 / 3,3841600.0,91.0,66.0,116.0,0.0,-1000.0,1000.0,145.0,140.0,150.0,0.005304,0.001174,3.4e-05,0.1,False,0.0,0.0,-1000.0,1000.0
CDF2.78,1 / 1 / -1 / 3,3841600.0,91.0,66.0,116.0,0.0,-1000.0,1000.0,162.5,150.0,175.0,0.001861,0.000331,1.2e-05,0.04,False,0.0,0.0,-1000.0,1000.0
CDF2.79,1 / 1 / -1 / 3,3841600.0,91.0,66.0,116.0,0.0,-1000.0,1000.0,187.5,175.0,200.0,0.0005283,0.0001478,3.1e-06,0.04,False,0.0,0.0,-1000.0,1000.0
CDF2.80,1 / 1 / -1 / 3,3841600.0,91.0,66.0,116.0,0.0,-1000.0,1000.0,225.0,200.0,250.0,0.0002838,0.0001019,1.9e-06,0.02,False,0.0,0.0,-1000.0,1000.0
CDF2.81,1 / 1 / -1 / 3,3841600.0,91.0,66.0,116.0,0.0,-1000.0,1000.0,300.0,250.0,350.0,0.0001489,0.0001162,9e-07,0.01,False,0.0,0.0,-1000.0,1000.0
