Name,compass.d.h+.case5
Comment,COMPASS isoscalar h+. prediction case5
Reference,SV19
Process type,SIDIS
Number of points,1680
Number of uncorr.errors,1
Number of corr.errors,0
Number of norm.errors,0
List of norm.errors (relative),
Total cross-section nomalized,False
List of points 
Point id,process id,s[GeV^2],<Q>[GeV],Qmin[GeV],Qmax[GeV],<x>,xMin,xMax,<z>,zMin,zMax,<pT>[GeV],pTMin[GeV],pTMax[GeV],xSec,Uncorr.Err.0,Th.Factor,FiducialCuts,yMin,yMax,W2min[GeV^2],W2max[GeV^2],TargetMass[GeV],ProductMass[GeV]
compass.d.h+.case5.0,1 - 1 - 2103,301.03984399999996,1.3660254037844386,1.0,1.7320508075688772,0.0075,0.003,0.012,0.15000000000000002,0.1,0.2,0.17071067811865476,0.1414213562373095,0.2,1.0,0.1,499.9999999999998,True,0.1,0.9,25.0,10000.0,0.938,0.139
compass.d.h+.case5.1,1 - 1 - 2103,301.03984399999996,1.3660254037844386,1.0,1.7320508075688772,0.0075,0.003,0.012,0.15000000000000002,0.1,0.2,0.2224744871391589,0.2,0.2449489742783178,1.0,0.1,500.0000000000003,True,0.1,0.9,25.0,10000.0,0.938,0.139
compass.d.h+.case5.2,1 - 1 - 2103,301.03984399999996,1.3660254037844386,1.0,1.7320508075688772,0.0075,0.003,0.012,0.15000000000000002,0.1,0.2,0.26389584337646843,0.2449489742783178,0.282842712474619,1.0,0.1,499.9999999999999,True,0.1,0.9,25.0,10000.0,0.938,0.139
compass.d.h+.case5.3,1 - 1 - 2103,301.03984399999996,1.3660254037844386,1.0,1.7320508075688772,0.0075,0.003,0.012,0.15000000000000002,0.1,0.2,0.29953523924572845,0.282842712474619,0.31622776601683794,1.0,0.1,499.9999999999999,True,0.1,0.9,25.0,10000.0,0.938,0.139
compass.d.h+.case5.4,1 - 1 - 2103,301.03984399999996,1.3660254037844386,1.0,1.7320508075688772,0.0075,0.003,0.012,0.15000000000000002,0.1,0.2,0.3313189637653067,0.31622776601683794,0.34641016151377546,1.0,0.1,500.0000000000003,True,0.1,0.9,25.0,10000.0,0.938,0.139
compass.d.h+.case5.5,1 - 1 - 2103,301.03984399999996,1.3660254037844386,1.0,1.7320508075688772,0.0075,0.003,0.012,0.15000000000000002,0.1,0.2,0.3602879500955848,0.34641016151377546,0.37416573867739417,1.0,0.1,499.99999999999955,True,0.1,0.9,25.0,10000.0,0.938,0.139
compass.d.h+.case5.6,1 - 1 - 2103,301.03984399999996,1.3660254037844386,1.0,1.7320508075688772,0.0075,0.003,0.012,0.15000000000000002,0.1,0.2,0.3932381506195801,0.37416573867739417,0.41231056256176607,1.0,0.1,333.3333333333333,True,0.1,0.9,25.0,10000.0,0.938,0.139
compass.d.h+.case5.7,1 - 1 - 2103,301.03984399999996,1.3660254037844386,1.0,1.7320508075688772,0.0075,0.003,0.012,0.15000000000000002,0.1,0.2,0.429762079030862,0.41231056256176607,0.4472135954999579,1.0,0.1,333.3333333333336,True,0.1,0.9,25.0,10000.0,0.938,0.139
compass.d.h+.case5.8,1 - 1 - 2103,301.03984399999996,1.3660254037844386,1.0,1.7320508075688772,0.0075,0.003,0.012,0.15000000000000002,0.1,0.2,0.46339837391561495,0.4472135954999579,0.47958315233127197,1.0,0.1,333.33333333333303,True,0.1,0.9,25.0,10000.0,0.938,0.139
compass.d.h+.case5.9,1 - 1 - 2103,301.03984399999996,1.3660254037844386,1.0,1.7320508075688772,0.0075,0.003,0.012,0.15000000000000002,0.1,0.2,0.4995991973009676,0.47958315233127197,0.5196152422706632,1.0,0.1,249.9999999999996,True,0.1,0.9,25.0,10000.0,0.938,0.139
compass.d.h+.case5.10,1 - 1 - 2103,301.03984399999996,1.3660254037844386,1.0,1.7320508075688772,0.0075,0.003,0.012,0.15000000000000002,0.1,0.2,0.5336688998879147,0.5196152422706632,0.5477225575051661,1.0,0.1,333.3333333333349,True,0.1,0.9,25.0,10000.0,0.938,0.139
compass.d.h+.case5.11,1 - 1 - 2103,301.03984399999996,1.3660254037844386,1.0,1.7320508075688772,0.0075,0.003,0.012,0.15000000000000002,0.1,0.2,0.5696652679075638,0.5477225575051661,0.5916079783099616,1.0,0.1,199.9999999999998,True,0.1,0.9,25.0,10000.0,0.938,0.139
compass.d.h+.case5.12,1 - 1 - 2103,301.03984399999996,1.3660254037844386,1.0,1.7320508075688772,0.0075,0.003,0.012,0.15000000000000002,0.1,0.2,0.6120317551718187,0.5916079783099616,0.6324555320336759,1.0,0.1,199.9999999999998,True,0.1,0.9,25.0,10000.0,0.938,0.139
compass.d.h+.case5.13,1 - 1 - 2103,301.03984399999996,1.3660254037844386,1.0,1.7320508075688772,0.0075,0.003,0.012,0.15000000000000002,0.1,0.2,0.6553442651731014,0.6324555320336759,0.6782329983125268,1.0,0.1,166.66666666666666,True,0.1,0.9,25.0,10000.0,0.938,0.139
compass.d.h+.case5.14,1 - 1 - 2103,301.03984399999996,1.3660254037844386,1.0,1.7320508075688772,0.0075,0.003,0.012,0.15000000000000002,0.1,0.2,0.6996716267026624,0.6782329983125268,0.7211102550927979,1.0,0.1,166.66666666666634,True,0.1,0.9,25.0,10000.0,0.938,0.139
compass.d.h+.case5.15,1 - 1 - 2103,301.03984399999996,1.3660254037844386,1.0,1.7320508075688772,0.0075,0.003,0.012,0.15000000000000002,0.1,0.2,0.7478534621671407,0.7211102550927979,0.7745966692414834,1.0,0.1,125.00000000000007,True,0.1,0.9,25.0,10000.0,0.938,0.139
compass.d.h+.case5.16,1 - 1 - 2103,301.03984399999996,1.3660254037844386,1.0,1.7320508075688772,0.0075,0.003,0.012,0.15000000000000002,0.1,0.2,0.7996088971825077,0.7745966692414834,0.8246211251235321,1.0,0.1,125.00000000000007,True,0.1,0.9,25.0,10000.0,0.938,0.139
compass.d.h+.case5.17,1 - 1 - 2103,301.03984399999996,1.3660254037844386,1.0,1.7320508075688772,0.0075,0.003,0.012,0.15000000000000002,0.1,0.2,0.8482004569158335,0.8246211251235321,0.8717797887081347,1.0,0.1,125.00000000000023,True,0.1,0.9,25.0,10000.0,0.938,0.139
compass.d.h+.case5.18,1 - 1 - 2103,301.03984399999996,1.3660254037844386,1.0,1.7320508075688772,0.0075,0.003,0.012,0.15000000000000002,0.1,0.2,0.902258847008508,0.8717797887081347,0.9327379053088815,1.0,0.1,90.9090909090909,True,0.1,0.9,25.0,10000.0,0.938,0.139
compass.d.h+.case5.19,1 - 1 - 2103,301.03984399999996,1.3660254037844386,1.0,1.7320508075688772,0.0075,0.003,0.012,0.15000000000000002,0.1,0.2,0.9663689526544408,0.9327379053088815,1.0,1.0,0.1,76.92307692307685,True,0.1,0.9,25.0,10000.0,0.938,0.139
compass.d.h+.case5.20,1 - 1 - 2103,301.03984399999996,1.3660254037844386,1.0,1.7320508075688772,0.0075,0.003,0.012,0.15000000000000002,0.1,0.2,1.029150262212918,1.0,1.0583005244258363,1.0,0.1,83.33333333333326,True,0.1,0.9,25.0,10000.0,0.938,0.139
compass.d.h+.case5.21,1 - 1 - 2103,301.03984399999996,1.3660254037844386,1.0,1.7320508075688772,0.0075,0.003,0.012,0.15000000000000002,0.1,0.2,1.0859266984959204,1.0583005244258363,1.1135528725660044,1.0,0.1,83.33333333333326,True,0.1,0.9,25.0,10000.0,0.938,0.139
compass.d.h+.case5.22,1 - 1 - 2103,301.03984399999996,1.3660254037844386,1.0,1.7320508075688772,0.0075,0.003,0.012,0.15000000000000002,0.1,0.2,1.1441434425065387,1.1135528725660044,1.174734012447073,1.0,0.1,71.42857142857147,True,0.1,0.9,25.0,10000.0,0.938,0.139
compass.d.h+.case5.23,1 - 1 - 2103,301.03984399999996,1.3660254037844386,1.0,1.7320508075688772,0.0075,0.003,0.012,0.15000000000000002,0.1,0.2,1.2038084065204342,1.174734012447073,1.2328828005937953,1.0,0.1,71.42857142857147,True,0.1,0.9,25.0,10000.0,0.938,0.139
compass.d.h+.case5.24,1 - 1 - 2103,301.03984399999996,1.3660254037844386,1.0,1.7320508075688772,0.0075,0.003,0.012,0.15000000000000002,0.1,0.2,1.2645154701376837,1.2328828005937953,1.296148139681572,1.0,0.1,62.500000000000114,True,0.1,0.9,25.0,10000.0,0.938,0.139
compass.d.h+.case5.25,1 - 1 - 2103,301.03984399999996,1.3660254037844386,1.0,1.7320508075688772,0.0075,0.003,0.012,0.15000000000000002,0.1,0.2,1.328147595277558,1.296148139681572,1.3601470508735443,1.0,0.1,58.82352941176465,True,0.1,0.9,25.0,10000.0,0.938,0.139
compass.d.h+.case5.26,1 - 1 - 2103,301.03984399999996,1.3660254037844386,1.0,1.7320508075688772,0.0075,0.003,0.012,0.15000000000000002,0.1,0.2,1.3959645786005899,1.3601470508735443,1.4317821063276353,1.0,0.1,50.00000000000001,True,0.1,0.9,25.0,10000.0,0.938,0.139
compass.d.h+.case5.27,1 - 1 - 2103,301.03984399999996,1.3660254037844386,1.0,1.7320508075688772,0.0075,0.003,0.012,0.15000000000000002,0.1,0.2,1.4823765390016121,1.4317821063276353,1.5329709716755893,1.0,0.1,33.3333333333333,True,0.1,0.9,25.0,10000.0,0.938,0.139
compass.d.h+.case5.28,1 - 1 - 2103,301.03984399999996,1.3660254037844386,1.0,1.7320508075688772,0.0075,0.003,0.012,0.15000000000000002,0.1,0.2,1.58042651564278,1.5329709716755893,1.6278820596099706,1.0,0.1,33.33333333333335,True,0.1,0.9,25.0,10000.0,0.938,0.139
compass.d.h+.case5.29,1 - 1 - 2103,301.03984399999996,1.3660254037844386,1.0,1.7320508075688772,0.0075,0.003,0.012,0.15000000000000002,0.1,0.2,1.6799664335894238,1.6278820596099706,1.7320508075688772,1.0,0.1,28.571428571428598,True,0.1,0.9,25.0,10000.0,0.938,0.139
compass.d.h+.case5.30,1 - 1 - 2103,301.03984399999996,1.3660254037844386,1.0,1.7320508075688772,0.0075,0.003,0.012,0.225,0.2,0.25,0.17071067811865476,0.1414213562373095,0.2,1.0,0.1,999.9999999999998,True,0.1,0.9,25.0,10000.0,0.938,0.139
compass.d.h+.case5.31,1 - 1 - 2103,301.03984399999996,1.3660254037844386,1.0,1.7320508075688772,0.0075,0.003,0.012,0.225,0.2,0.25,0.2224744871391589,0.2,0.2449489742783178,1.0,0.1,1000.0000000000008,True,0.1,0.9,25.0,10000.0,0.938,0.139
compass.d.h+.case5.32,1 - 1 - 2103,301.03984399999996,1.3660254037844386,1.0,1.7320508075688772,0.0075,0.003,0.012,0.225,0.2,0.25,0.26389584337646843,0.2449489742783178,0.282842712474619,1.0,0.1,1000.0000000000001,True,0.1,0.9,25.0,10000.0,0.938,0.139
compass.d.h+.case5.33,1 - 1 - 2103,301.03984399999996,1.3660254037844386,1.0,1.7320508075688772,0.0075,0.003,0.012,0.225,0.2,0.25,0.29953523924572845,0.282842712474619,0.31622776601683794,1.0,0.1,1000.0000000000001,True,0.1,0.9,25.0,10000.0,0.938,0.139
compass.d.h+.case5.34,1 - 1 - 2103,301.03984399999996,1.3660254037844386,1.0,1.7320508075688772,0.0075,0.003,0.012,0.225,0.2,0.25,0.3313189637653067,0.31622776601683794,0.34641016151377546,1.0,0.1,1000.0000000000008,True,0.1,0.9,25.0,10000.0,0.938,0.139
compass.d.h+.case5.35,1 - 1 - 2103,301.03984399999996,1.3660254037844386,1.0,1.7320508075688772,0.0075,0.003,0.012,0.225,0.2,0.25,0.3602879500955848,0.34641016151377546,0.37416573867739417,1.0,0.1,999.9999999999993,True,0.1,0.9,25.0,10000.0,0.938,0.139
compass.d.h+.case5.36,1 - 1 - 2103,301.03984399999996,1.3660254037844386,1.0,1.7320508075688772,0.0075,0.003,0.012,0.225,0.2,0.25,0.3932381506195801,0.37416573867739417,0.41231056256176607,1.0,0.1,666.6666666666669,True,0.1,0.9,25.0,10000.0,0.938,0.139
compass.d.h+.case5.37,1 - 1 - 2103,301.03984399999996,1.3660254037844386,1.0,1.7320508075688772,0.0075,0.003,0.012,0.225,0.2,0.25,0.429762079030862,0.41231056256176607,0.4472135954999579,1.0,0.1,666.6666666666674,True,0.1,0.9,25.0,10000.0,0.938,0.139
compass.d.h+.case5.38,1 - 1 - 2103,301.03984399999996,1.3660254037844386,1.0,1.7320508075688772,0.0075,0.003,0.012,0.225,0.2,0.25,0.46339837391561495,0.4472135954999579,0.47958315233127197,1.0,0.1,666.6666666666663,True,0.1,0.9,25.0,10000.0,0.938,0.139
compass.d.h+.case5.39,1 - 1 - 2103,301.03984399999996,1.3660254037844386,1.0,1.7320508075688772,0.0075,0.003,0.012,0.225,0.2,0.25,0.4995991973009676,0.47958315233127197,0.5196152422706632,1.0,0.1,499.9999999999993,True,0.1,0.9,25.0,10000.0,0.938,0.139
compass.d.h+.case5.40,1 - 1 - 2103,301.03984399999996,1.3660254037844386,1.0,1.7320508075688772,0.0075,0.003,0.012,0.225,0.2,0.25,0.5336688998879147,0.5196152422706632,0.5477225575051661,1.0,0.1,666.66666666667,True,0.1,0.9,25.0,10000.0,0.938,0.139
compass.d.h+.case5.41,1 - 1 - 2103,301.03984399999996,1.3660254037844386,1.0,1.7320508075688772,0.0075,0.003,0.012,0.225,0.2,0.25,0.5696652679075638,0.5477225575051661,0.5916079783099616,1.0,0.1,399.9999999999997,True,0.1,0.9,25.0,10000.0,0.938,0.139
compass.d.h+.case5.42,1 - 1 - 2103,301.03984399999996,1.3660254037844386,1.0,1.7320508075688772,0.0075,0.003,0.012,0.225,0.2,0.25,0.6120317551718187,0.5916079783099616,0.6324555320336759,1.0,0.1,399.9999999999997,True,0.1,0.9,25.0,10000.0,0.938,0.139
compass.d.h+.case5.43,1 - 1 - 2103,301.03984399999996,1.3660254037844386,1.0,1.7320508075688772,0.0075,0.003,0.012,0.225,0.2,0.25,0.6553442651731014,0.6324555320336759,0.6782329983125268,1.0,0.1,333.3333333333334,True,0.1,0.9,25.0,10000.0,0.938,0.139
compass.d.h+.case5.44,1 - 1 - 2103,301.03984399999996,1.3660254037844386,1.0,1.7320508075688772,0.0075,0.003,0.012,0.225,0.2,0.25,0.6996716267026624,0.6782329983125268,0.7211102550927979,1.0,0.1,333.3333333333328,True,0.1,0.9,25.0,10000.0,0.938,0.139
compass.d.h+.case5.45,1 - 1 - 2103,301.03984399999996,1.3660254037844386,1.0,1.7320508075688772,0.0075,0.003,0.012,0.225,0.2,0.25,0.7478534621671407,0.7211102550927979,0.7745966692414834,1.0,0.1,250.0000000000002,True,0.1,0.9,25.0,10000.0,0.938,0.139
compass.d.h+.case5.46,1 - 1 - 2103,301.03984399999996,1.3660254037844386,1.0,1.7320508075688772,0.0075,0.003,0.012,0.225,0.2,0.25,0.7996088971825077,0.7745966692414834,0.8246211251235321,1.0,0.1,250.0000000000002,True,0.1,0.9,25.0,10000.0,0.938,0.139
compass.d.h+.case5.47,1 - 1 - 2103,301.03984399999996,1.3660254037844386,1.0,1.7320508075688772,0.0075,0.003,0.012,0.225,0.2,0.25,0.8482004569158335,0.8246211251235321,0.8717797887081347,1.0,0.1,250.0000000000005,True,0.1,0.9,25.0,10000.0,0.938,0.139
compass.d.h+.case5.48,1 - 1 - 2103,301.03984399999996,1.3660254037844386,1.0,1.7320508075688772,0.0075,0.003,0.012,0.225,0.2,0.25,0.902258847008508,0.8717797887081347,0.9327379053088815,1.0,0.1,181.81818181818187,True,0.1,0.9,25.0,10000.0,0.938,0.139
compass.d.h+.case5.49,1 - 1 - 2103,301.03984399999996,1.3660254037844386,1.0,1.7320508075688772,0.0075,0.003,0.012,0.225,0.2,0.25,0.9663689526544408,0.9327379053088815,1.0,1.0,0.1,153.84615384615375,True,0.1,0.9,25.0,10000.0,0.938,0.139
compass.d.h+.case5.50,1 - 1 - 2103,301.03984399999996,1.3660254037844386,1.0,1.7320508075688772,0.0075,0.003,0.012,0.225,0.2,0.25,1.029150262212918,1.0,1.0583005244258363,1.0,0.1,166.66666666666657,True,0.1,0.9,25.0,10000.0,0.938,0.139
compass.d.h+.case5.51,1 - 1 - 2103,301.03984399999996,1.3660254037844386,1.0,1.7320508075688772,0.0075,0.003,0.012,0.225,0.2,0.25,1.0859266984959204,1.0583005244258363,1.1135528725660044,1.0,0.1,166.66666666666657,True,0.1,0.9,25.0,10000.0,0.938,0.139
compass.d.h+.case5.52,1 - 1 - 2103,301.03984399999996,1.3660254037844386,1.0,1.7320508075688772,0.0075,0.003,0.012,0.225,0.2,0.25,1.1441434425065387,1.1135528725660044,1.174734012447073,1.0,0.1,142.85714285714297,True,0.1,0.9,25.0,10000.0,0.938,0.139
compass.d.h+.case5.53,1 - 1 - 2103,301.03984399999996,1.3660254037844386,1.0,1.7320508075688772,0.0075,0.003,0.012,0.225,0.2,0.25,1.2038084065204342,1.174734012447073,1.2328828005937953,1.0,0.1,142.85714285714297,True,0.1,0.9,25.0,10000.0,0.938,0.139
compass.d.h+.case5.54,1 - 1 - 2103,301.03984399999996,1.3660254037844386,1.0,1.7320508075688772,0.0075,0.003,0.012,0.225,0.2,0.25,1.2645154701376837,1.2328828005937953,1.296148139681572,1.0,0.1,125.00000000000026,True,0.1,0.9,25.0,10000.0,0.938,0.139
compass.d.h+.case5.55,1 - 1 - 2103,301.03984399999996,1.3660254037844386,1.0,1.7320508075688772,0.0075,0.003,0.012,0.225,0.2,0.25,1.328147595277558,1.296148139681572,1.3601470508735443,1.0,0.1,117.64705882352933,True,0.1,0.9,25.0,10000.0,0.938,0.139
compass.d.h+.case5.56,1 - 1 - 2103,301.03984399999996,1.3660254037844386,1.0,1.7320508075688772,0.0075,0.003,0.012,0.225,0.2,0.25,1.3959645786005899,1.3601470508735443,1.4317821063276353,1.0,0.1,100.00000000000004,True,0.1,0.9,25.0,10000.0,0.938,0.139
compass.d.h+.case5.57,1 - 1 - 2103,301.03984399999996,1.3660254037844386,1.0,1.7320508075688772,0.0075,0.003,0.012,0.225,0.2,0.25,1.4823765390016121,1.4317821063276353,1.5329709716755893,1.0,0.1,66.66666666666663,True,0.1,0.9,25.0,10000.0,0.938,0.139
compass.d.h+.case5.58,1 - 1 - 2103,301.03984399999996,1.3660254037844386,1.0,1.7320508075688772,0.0075,0.003,0.012,0.225,0.2,0.25,1.58042651564278,1.5329709716755893,1.6278820596099706,1.0,0.1,66.66666666666671,True,0.1,0.9,25.0,10000.0,0.938,0.139
compass.d.h+.case5.59,1 - 1 - 2103,301.03984399999996,1.3660254037844386,1.0,1.7320508075688772,0.0075,0.003,0.012,0.225,0.2,0.25,1.6799664335894238,1.6278820596099706,1.7320508075688772,1.0,0.1,57.14285714285721,True,0.1,0.9,25.0,10000.0,0.938,0.139
compass.d.h+.case5.60,1 - 1 - 2103,301.03984399999996,1.3660254037844386,1.0,1.7320508075688772,0.0075,0.003,0.012,0.275,0.25,0.3,0.17071067811865476,0.1414213562373095,0.2,1.0,0.1,999.9999999999998,True,0.1,0.9,25.0,10000.0,0.938,0.139
compass.d.h+.case5.61,1 - 1 - 2103,301.03984399999996,1.3660254037844386,1.0,1.7320508075688772,0.0075,0.003,0.012,0.275,0.25,0.3,0.2224744871391589,0.2,0.2449489742783178,1.0,0.1,1000.0000000000008,True,0.1,0.9,25.0,10000.0,0.938,0.139
compass.d.h+.case5.62,1 - 1 - 2103,301.03984399999996,1.3660254037844386,1.0,1.7320508075688772,0.0075,0.003,0.012,0.275,0.25,0.3,0.26389584337646843,0.2449489742783178,0.282842712474619,1.0,0.1,1000.0000000000001,True,0.1,0.9,25.0,10000.0,0.938,0.139
compass.d.h+.case5.63,1 - 1 - 2103,301.03984399999996,1.3660254037844386,1.0,1.7320508075688772,0.0075,0.003,0.012,0.275,0.25,0.3,0.29953523924572845,0.282842712474619,0.31622776601683794,1.0,0.1,1000.0000000000001,True,0.1,0.9,25.0,10000.0,0.938,0.139
compass.d.h+.case5.64,1 - 1 - 2103,301.03984399999996,1.3660254037844386,1.0,1.7320508075688772,0.0075,0.003,0.012,0.275,0.25,0.3,0.3313189637653067,0.31622776601683794,0.34641016151377546,1.0,0.1,1000.0000000000008,True,0.1,0.9,25.0,10000.0,0.938,0.139
compass.d.h+.case5.65,1 - 1 - 2103,301.03984399999996,1.3660254037844386,1.0,1.7320508075688772,0.0075,0.003,0.012,0.275,0.25,0.3,0.3602879500955848,0.34641016151377546,0.37416573867739417,1.0,0.1,999.9999999999993,True,0.1,0.9,25.0,10000.0,0.938,0.139
compass.d.h+.case5.66,1 - 1 - 2103,301.03984399999996,1.3660254037844386,1.0,1.7320508075688772,0.0075,0.003,0.012,0.275,0.25,0.3,0.3932381506195801,0.37416573867739417,0.41231056256176607,1.0,0.1,666.6666666666669,True,0.1,0.9,25.0,10000.0,0.938,0.139
compass.d.h+.case5.67,1 - 1 - 2103,301.03984399999996,1.3660254037844386,1.0,1.7320508075688772,0.0075,0.003,0.012,0.275,0.25,0.3,0.429762079030862,0.41231056256176607,0.4472135954999579,1.0,0.1,666.6666666666674,True,0.1,0.9,25.0,10000.0,0.938,0.139
compass.d.h+.case5.68,1 - 1 - 2103,301.03984399999996,1.3660254037844386,1.0,1.7320508075688772,0.0075,0.003,0.012,0.275,0.25,0.3,0.46339837391561495,0.4472135954999579,0.47958315233127197,1.0,0.1,666.6666666666663,True,0.1,0.9,25.0,10000.0,0.938,0.139
compass.d.h+.case5.69,1 - 1 - 2103,301.03984399999996,1.3660254037844386,1.0,1.7320508075688772,0.0075,0.003,0.012,0.275,0.25,0.3,0.4995991973009676,0.47958315233127197,0.5196152422706632,1.0,0.1,499.9999999999993,True,0.1,0.9,25.0,10000.0,0.938,0.139
compass.d.h+.case5.70,1 - 1 - 2103,301.03984399999996,1.3660254037844386,1.0,1.7320508075688772,0.0075,0.003,0.012,0.275,0.25,0.3,0.5336688998879147,0.5196152422706632,0.5477225575051661,1.0,0.1,666.66666666667,True,0.1,0.9,25.0,10000.0,0.938,0.139
compass.d.h+.case5.71,1 - 1 - 2103,301.03984399999996,1.3660254037844386,1.0,1.7320508075688772,0.0075,0.003,0.012,0.275,0.25,0.3,0.5696652679075638,0.5477225575051661,0.5916079783099616,1.0,0.1,399.9999999999997,True,0.1,0.9,25.0,10000.0,0.938,0.139
compass.d.h+.case5.72,1 - 1 - 2103,301.03984399999996,1.3660254037844386,1.0,1.7320508075688772,0.0075,0.003,0.012,0.275,0.25,0.3,0.6120317551718187,0.5916079783099616,0.6324555320336759,1.0,0.1,399.9999999999997,True,0.1,0.9,25.0,10000.0,0.938,0.139
compass.d.h+.case5.73,1 - 1 - 2103,301.03984399999996,1.3660254037844386,1.0,1.7320508075688772,0.0075,0.003,0.012,0.275,0.25,0.3,0.6553442651731014,0.6324555320336759,0.6782329983125268,1.0,0.1,333.3333333333334,True,0.1,0.9,25.0,10000.0,0.938,0.139
compass.d.h+.case5.74,1 - 1 - 2103,301.03984399999996,1.3660254037844386,1.0,1.7320508075688772,0.0075,0.003,0.012,0.275,0.25,0.3,0.6996716267026624,0.6782329983125268,0.7211102550927979,1.0,0.1,333.3333333333328,True,0.1,0.9,25.0,10000.0,0.938,0.139
compass.d.h+.case5.75,1 - 1 - 2103,301.03984399999996,1.3660254037844386,1.0,1.7320508075688772,0.0075,0.003,0.012,0.275,0.25,0.3,0.7478534621671407,0.7211102550927979,0.7745966692414834,1.0,0.1,250.0000000000002,True,0.1,0.9,25.0,10000.0,0.938,0.139
compass.d.h+.case5.76,1 - 1 - 2103,301.03984399999996,1.3660254037844386,1.0,1.7320508075688772,0.0075,0.003,0.012,0.275,0.25,0.3,0.7996088971825077,0.7745966692414834,0.8246211251235321,1.0,0.1,250.0000000000002,True,0.1,0.9,25.0,10000.0,0.938,0.139
compass.d.h+.case5.77,1 - 1 - 2103,301.03984399999996,1.3660254037844386,1.0,1.7320508075688772,0.0075,0.003,0.012,0.275,0.25,0.3,0.8482004569158335,0.8246211251235321,0.8717797887081347,1.0,0.1,250.0000000000005,True,0.1,0.9,25.0,10000.0,0.938,0.139
compass.d.h+.case5.78,1 - 1 - 2103,301.03984399999996,1.3660254037844386,1.0,1.7320508075688772,0.0075,0.003,0.012,0.275,0.25,0.3,0.902258847008508,0.8717797887081347,0.9327379053088815,1.0,0.1,181.81818181818187,True,0.1,0.9,25.0,10000.0,0.938,0.139
compass.d.h+.case5.79,1 - 1 - 2103,301.03984399999996,1.3660254037844386,1.0,1.7320508075688772,0.0075,0.003,0.012,0.275,0.25,0.3,0.9663689526544408,0.9327379053088815,1.0,1.0,0.1,153.84615384615375,True,0.1,0.9,25.0,10000.0,0.938,0.139
compass.d.h+.case5.80,1 - 1 - 2103,301.03984399999996,1.3660254037844386,1.0,1.7320508075688772,0.0075,0.003,0.012,0.275,0.25,0.3,1.029150262212918,1.0,1.0583005244258363,1.0,0.1,166.66666666666657,True,0.1,0.9,25.0,10000.0,0.938,0.139
compass.d.h+.case5.81,1 - 1 - 2103,301.03984399999996,1.3660254037844386,1.0,1.7320508075688772,0.0075,0.003,0.012,0.275,0.25,0.3,1.0859266984959204,1.0583005244258363,1.1135528725660044,1.0,0.1,166.66666666666657,True,0.1,0.9,25.0,10000.0,0.938,0.139
compass.d.h+.case5.82,1 - 1 - 2103,301.03984399999996,1.3660254037844386,1.0,1.7320508075688772,0.0075,0.003,0.012,0.275,0.25,0.3,1.1441434425065387,1.1135528725660044,1.174734012447073,1.0,0.1,142.85714285714297,True,0.1,0.9,25.0,10000.0,0.938,0.139
compass.d.h+.case5.83,1 - 1 - 2103,301.03984399999996,1.3660254037844386,1.0,1.7320508075688772,0.0075,0.003,0.012,0.275,0.25,0.3,1.2038084065204342,1.174734012447073,1.2328828005937953,1.0,0.1,142.85714285714297,True,0.1,0.9,25.0,10000.0,0.938,0.139
compass.d.h+.case5.84,1 - 1 - 2103,301.03984399999996,1.3660254037844386,1.0,1.7320508075688772,0.0075,0.003,0.012,0.275,0.25,0.3,1.2645154701376837,1.2328828005937953,1.296148139681572,1.0,0.1,125.00000000000026,True,0.1,0.9,25.0,10000.0,0.938,0.139
compass.d.h+.case5.85,1 - 1 - 2103,301.03984399999996,1.3660254037844386,1.0,1.7320508075688772,0.0075,0.003,0.012,0.275,0.25,0.3,1.328147595277558,1.296148139681572,1.3601470508735443,1.0,0.1,117.64705882352933,True,0.1,0.9,25.0,10000.0,0.938,0.139
compass.d.h+.case5.86,1 - 1 - 2103,301.03984399999996,1.3660254037844386,1.0,1.7320508075688772,0.0075,0.003,0.012,0.275,0.25,0.3,1.3959645786005899,1.3601470508735443,1.4317821063276353,1.0,0.1,100.00000000000004,True,0.1,0.9,25.0,10000.0,0.938,0.139
compass.d.h+.case5.87,1 - 1 - 2103,301.03984399999996,1.3660254037844386,1.0,1.7320508075688772,0.0075,0.003,0.012,0.275,0.25,0.3,1.4823765390016121,1.4317821063276353,1.5329709716755893,1.0,0.1,66.66666666666663,True,0.1,0.9,25.0,10000.0,0.938,0.139
compass.d.h+.case5.88,1 - 1 - 2103,301.03984399999996,1.3660254037844386,1.0,1.7320508075688772,0.0075,0.003,0.012,0.275,0.25,0.3,1.58042651564278,1.5329709716755893,1.6278820596099706,1.0,0.1,66.66666666666671,True,0.1,0.9,25.0,10000.0,0.938,0.139
compass.d.h+.case5.89,1 - 1 - 2103,301.03984399999996,1.3660254037844386,1.0,1.7320508075688772,0.0075,0.003,0.012,0.275,0.25,0.3,1.6799664335894238,1.6278820596099706,1.7320508075688772,1.0,0.1,57.14285714285721,True,0.1,0.9,25.0,10000.0,0.938,0.139
compass.d.h+.case5.90,1 - 1 - 2103,301.03984399999996,1.3660254037844386,1.0,1.7320508075688772,0.0075,0.003,0.012,0.35,0.3,0.4,0.17071067811865476,0.1414213562373095,0.2,1.0,0.1,499.9999999999996,True,0.1,0.9,25.0,10000.0,0.938,0.139
compass.d.h+.case5.91,1 - 1 - 2103,301.03984399999996,1.3660254037844386,1.0,1.7320508075688772,0.0075,0.003,0.012,0.35,0.3,0.4,0.2224744871391589,0.2,0.2449489742783178,1.0,0.1,500.0000000000001,True,0.1,0.9,25.0,10000.0,0.938,0.139
compass.d.h+.case5.92,1 - 1 - 2103,301.03984399999996,1.3660254037844386,1.0,1.7320508075688772,0.0075,0.003,0.012,0.35,0.3,0.4,0.26389584337646843,0.2449489742783178,0.282842712474619,1.0,0.1,499.9999999999998,True,0.1,0.9,25.0,10000.0,0.938,0.139
compass.d.h+.case5.93,1 - 1 - 2103,301.03984399999996,1.3660254037844386,1.0,1.7320508075688772,0.0075,0.003,0.012,0.35,0.3,0.4,0.29953523924572845,0.282842712474619,0.31622776601683794,1.0,0.1,499.9999999999998,True,0.1,0.9,25.0,10000.0,0.938,0.139
compass.d.h+.case5.94,1 - 1 - 2103,301.03984399999996,1.3660254037844386,1.0,1.7320508075688772,0.0075,0.003,0.012,0.35,0.3,0.4,0.3313189637653067,0.31622776601683794,0.34641016151377546,1.0,0.1,500.0000000000001,True,0.1,0.9,25.0,10000.0,0.938,0.139
compass.d.h+.case5.95,1 - 1 - 2103,301.03984399999996,1.3660254037844386,1.0,1.7320508075688772,0.0075,0.003,0.012,0.35,0.3,0.4,0.3602879500955848,0.34641016151377546,0.37416573867739417,1.0,0.1,499.99999999999943,True,0.1,0.9,25.0,10000.0,0.938,0.139
compass.d.h+.case5.96,1 - 1 - 2103,301.03984399999996,1.3660254037844386,1.0,1.7320508075688772,0.0075,0.003,0.012,0.35,0.3,0.4,0.3932381506195801,0.37416573867739417,0.41231056256176607,1.0,0.1,333.33333333333326,True,0.1,0.9,25.0,10000.0,0.938,0.139
compass.d.h+.case5.97,1 - 1 - 2103,301.03984399999996,1.3660254037844386,1.0,1.7320508075688772,0.0075,0.003,0.012,0.35,0.3,0.4,0.429762079030862,0.41231056256176607,0.4472135954999579,1.0,0.1,333.33333333333354,True,0.1,0.9,25.0,10000.0,0.938,0.139
compass.d.h+.case5.98,1 - 1 - 2103,301.03984399999996,1.3660254037844386,1.0,1.7320508075688772,0.0075,0.003,0.012,0.35,0.3,0.4,0.46339837391561495,0.4472135954999579,0.47958315233127197,1.0,0.1,333.333333333333,True,0.1,0.9,25.0,10000.0,0.938,0.139
compass.d.h+.case5.99,1 - 1 - 2103,301.03984399999996,1.3660254037844386,1.0,1.7320508075688772,0.0075,0.003,0.012,0.35,0.3,0.4,0.4995991973009676,0.47958315233127197,0.5196152422706632,1.0,0.1,249.99999999999952,True,0.1,0.9,25.0,10000.0,0.938,0.139
compass.d.h+.case5.100,1 - 1 - 2103,301.03984399999996,1.3660254037844386,1.0,1.7320508075688772,0.0075,0.003,0.012,0.35,0.3,0.4,0.5336688998879147,0.5196152422706632,0.5477225575051661,1.0,0.1,333.3333333333348,True,0.1,0.9,25.0,10000.0,0.938,0.139
compass.d.h+.case5.101,1 - 1 - 2103,301.03984399999996,1.3660254037844386,1.0,1.7320508075688772,0.0075,0.003,0.012,0.35,0.3,0.4,0.5696652679075638,0.5477225575051661,0.5916079783099616,1.0,0.1,199.99999999999974,True,0.1,0.9,25.0,10000.0,0.938,0.139
compass.d.h+.case5.102,1 - 1 - 2103,301.03984399999996,1.3660254037844386,1.0,1.7320508075688772,0.0075,0.003,0.012,0.35,0.3,0.4,0.6120317551718187,0.5916079783099616,0.6324555320336759,1.0,0.1,199.99999999999974,True,0.1,0.9,25.0,10000.0,0.938,0.139
compass.d.h+.case5.103,1 - 1 - 2103,301.03984399999996,1.3660254037844386,1.0,1.7320508075688772,0.0075,0.003,0.012,0.35,0.3,0.4,0.6553442651731014,0.6324555320336759,0.6782329983125268,1.0,0.1,166.66666666666663,True,0.1,0.9,25.0,10000.0,0.938,0.139
compass.d.h+.case5.104,1 - 1 - 2103,301.03984399999996,1.3660254037844386,1.0,1.7320508075688772,0.0075,0.003,0.012,0.35,0.3,0.4,0.6996716267026624,0.6782329983125268,0.7211102550927979,1.0,0.1,166.66666666666632,True,0.1,0.9,25.0,10000.0,0.938,0.139
compass.d.h+.case5.105,1 - 1 - 2103,301.03984399999996,1.3660254037844386,1.0,1.7320508075688772,0.0075,0.003,0.012,0.35,0.3,0.4,0.7478534621671407,0.7211102550927979,0.7745966692414834,1.0,0.1,125.00000000000003,True,0.1,0.9,25.0,10000.0,0.938,0.139
compass.d.h+.case5.106,1 - 1 - 2103,301.03984399999996,1.3660254037844386,1.0,1.7320508075688772,0.0075,0.003,0.012,0.35,0.3,0.4,0.7996088971825077,0.7745966692414834,0.8246211251235321,1.0,0.1,125.00000000000003,True,0.1,0.9,25.0,10000.0,0.938,0.139
compass.d.h+.case5.107,1 - 1 - 2103,301.03984399999996,1.3660254037844386,1.0,1.7320508075688772,0.0075,0.003,0.012,0.35,0.3,0.4,0.8482004569158335,0.8246211251235321,0.8717797887081347,1.0,0.1,125.00000000000018,True,0.1,0.9,25.0,10000.0,0.938,0.139
compass.d.h+.case5.108,1 - 1 - 2103,301.03984399999996,1.3660254037844386,1.0,1.7320508075688772,0.0075,0.003,0.012,0.35,0.3,0.4,0.902258847008508,0.8717797887081347,0.9327379053088815,1.0,0.1,90.90909090909089,True,0.1,0.9,25.0,10000.0,0.938,0.139
compass.d.h+.case5.109,1 - 1 - 2103,301.03984399999996,1.3660254037844386,1.0,1.7320508075688772,0.0075,0.003,0.012,0.35,0.3,0.4,0.9663689526544408,0.9327379053088815,1.0,1.0,0.1,76.92307692307683,True,0.1,0.9,25.0,10000.0,0.938,0.139
compass.d.h+.case5.110,1 - 1 - 2103,301.03984399999996,1.3660254037844386,1.0,1.7320508075688772,0.0075,0.003,0.012,0.35,0.3,0.4,1.029150262212918,1.0,1.0583005244258363,1.0,0.1,83.33333333333324,True,0.1,0.9,25.0,10000.0,0.938,0.139
compass.d.h+.case5.111,1 - 1 - 2103,301.03984399999996,1.3660254037844386,1.0,1.7320508075688772,0.0075,0.003,0.012,0.35,0.3,0.4,1.0859266984959204,1.0583005244258363,1.1135528725660044,1.0,0.1,83.33333333333324,True,0.1,0.9,25.0,10000.0,0.938,0.139
compass.d.h+.case5.112,1 - 1 - 2103,301.03984399999996,1.3660254037844386,1.0,1.7320508075688772,0.0075,0.003,0.012,0.35,0.3,0.4,1.1441434425065387,1.1135528725660044,1.174734012447073,1.0,0.1,71.42857142857146,True,0.1,0.9,25.0,10000.0,0.938,0.139
compass.d.h+.case5.113,1 - 1 - 2103,301.03984399999996,1.3660254037844386,1.0,1.7320508075688772,0.0075,0.003,0.012,0.35,0.3,0.4,1.2038084065204342,1.174734012447073,1.2328828005937953,1.0,0.1,71.42857142857146,True,0.1,0.9,25.0,10000.0,0.938,0.139
compass.d.h+.case5.114,1 - 1 - 2103,301.03984399999996,1.3660254037844386,1.0,1.7320508075688772,0.0075,0.003,0.012,0.35,0.3,0.4,1.2645154701376837,1.2328828005937953,1.296148139681572,1.0,0.1,62.50000000000009,True,0.1,0.9,25.0,10000.0,0.938,0.139
compass.d.h+.case5.115,1 - 1 - 2103,301.03984399999996,1.3660254037844386,1.0,1.7320508075688772,0.0075,0.003,0.012,0.35,0.3,0.4,1.328147595277558,1.296148139681572,1.3601470508735443,1.0,0.1,58.82352941176464,True,0.1,0.9,25.0,10000.0,0.938,0.139
compass.d.h+.case5.116,1 - 1 - 2103,301.03984399999996,1.3660254037844386,1.0,1.7320508075688772,0.0075,0.003,0.012,0.35,0.3,0.4,1.3959645786005899,1.3601470508735443,1.4317821063276353,1.0,0.1,49.99999999999999,True,0.1,0.9,25.0,10000.0,0.938,0.139
compass.d.h+.case5.117,1 - 1 - 2103,301.03984399999996,1.3660254037844386,1.0,1.7320508075688772,0.0075,0.003,0.012,0.35,0.3,0.4,1.4823765390016121,1.4317821063276353,1.5329709716755893,1.0,0.1,33.33333333333329,True,0.1,0.9,25.0,10000.0,0.938,0.139
compass.d.h+.case5.118,1 - 1 - 2103,301.03984399999996,1.3660254037844386,1.0,1.7320508075688772,0.0075,0.003,0.012,0.35,0.3,0.4,1.58042651564278,1.5329709716755893,1.6278820596099706,1.0,0.1,33.33333333333334,True,0.1,0.9,25.0,10000.0,0.938,0.139
compass.d.h+.case5.119,1 - 1 - 2103,301.03984399999996,1.3660254037844386,1.0,1.7320508075688772,0.0075,0.003,0.012,0.35,0.3,0.4,1.6799664335894238,1.6278820596099706,1.7320508075688772,1.0,0.1,28.57142857142859,True,0.1,0.9,25.0,10000.0,0.938,0.139
compass.d.h+.case5.120,1 - 1 - 2103,301.03984399999996,1.3660254037844386,1.0,1.7320508075688772,0.0075,0.003,0.012,0.47500000000000003,0.4,0.55,0.17071067811865476,0.1414213562373095,0.2,1.0,0.1,333.33333333333314,True,0.1,0.9,25.0,10000.0,0.938,0.139
compass.d.h+.case5.121,1 - 1 - 2103,301.03984399999996,1.3660254037844386,1.0,1.7320508075688772,0.0075,0.003,0.012,0.47500000000000003,0.4,0.55,0.2224744871391589,0.2,0.2449489742783178,1.0,0.1,333.3333333333335,True,0.1,0.9,25.0,10000.0,0.938,0.139
compass.d.h+.case5.122,1 - 1 - 2103,301.03984399999996,1.3660254037844386,1.0,1.7320508075688772,0.0075,0.003,0.012,0.47500000000000003,0.4,0.55,0.26389584337646843,0.2449489742783178,0.282842712474619,1.0,0.1,333.33333333333326,True,0.1,0.9,25.0,10000.0,0.938,0.139
compass.d.h+.case5.123,1 - 1 - 2103,301.03984399999996,1.3660254037844386,1.0,1.7320508075688772,0.0075,0.003,0.012,0.47500000000000003,0.4,0.55,0.29953523924572845,0.282842712474619,0.31622776601683794,1.0,0.1,333.33333333333326,True,0.1,0.9,25.0,10000.0,0.938,0.139
compass.d.h+.case5.124,1 - 1 - 2103,301.03984399999996,1.3660254037844386,1.0,1.7320508075688772,0.0075,0.003,0.012,0.47500000000000003,0.4,0.55,0.3313189637653067,0.31622776601683794,0.34641016151377546,1.0,0.1,333.3333333333335,True,0.1,0.9,25.0,10000.0,0.938,0.139
compass.d.h+.case5.125,1 - 1 - 2103,301.03984399999996,1.3660254037844386,1.0,1.7320508075688772,0.0075,0.003,0.012,0.47500000000000003,0.4,0.55,0.3602879500955848,0.34641016151377546,0.37416573867739417,1.0,0.1,333.333333333333,True,0.1,0.9,25.0,10000.0,0.938,0.139
compass.d.h+.case5.126,1 - 1 - 2103,301.03984399999996,1.3660254037844386,1.0,1.7320508075688772,0.0075,0.003,0.012,0.47500000000000003,0.4,0.55,0.3932381506195801,0.37416573867739417,0.41231056256176607,1.0,0.1,222.2222222222222,True,0.1,0.9,25.0,10000.0,0.938,0.139
compass.d.h+.case5.127,1 - 1 - 2103,301.03984399999996,1.3660254037844386,1.0,1.7320508075688772,0.0075,0.003,0.012,0.47500000000000003,0.4,0.55,0.429762079030862,0.41231056256176607,0.4472135954999579,1.0,0.1,222.2222222222224,True,0.1,0.9,25.0,10000.0,0.938,0.139
compass.d.h+.case5.128,1 - 1 - 2103,301.03984399999996,1.3660254037844386,1.0,1.7320508075688772,0.0075,0.003,0.012,0.47500000000000003,0.4,0.55,0.46339837391561495,0.4472135954999579,0.47958315233127197,1.0,0.1,222.22222222222203,True,0.1,0.9,25.0,10000.0,0.938,0.139
compass.d.h+.case5.129,1 - 1 - 2103,301.03984399999996,1.3660254037844386,1.0,1.7320508075688772,0.0075,0.003,0.012,0.47500000000000003,0.4,0.55,0.4995991973009676,0.47958315233127197,0.5196152422706632,1.0,0.1,166.66666666666637,True,0.1,0.9,25.0,10000.0,0.938,0.139
compass.d.h+.case5.130,1 - 1 - 2103,301.03984399999996,1.3660254037844386,1.0,1.7320508075688772,0.0075,0.003,0.012,0.47500000000000003,0.4,0.55,0.5336688998879147,0.5196152422706632,0.5477225575051661,1.0,0.1,222.22222222222325,True,0.1,0.9,25.0,10000.0,0.938,0.139
compass.d.h+.case5.131,1 - 1 - 2103,301.03984399999996,1.3660254037844386,1.0,1.7320508075688772,0.0075,0.003,0.012,0.47500000000000003,0.4,0.55,0.5696652679075638,0.5477225575051661,0.5916079783099616,1.0,0.1,133.3333333333332,True,0.1,0.9,25.0,10000.0,0.938,0.139
compass.d.h+.case5.132,1 - 1 - 2103,301.03984399999996,1.3660254037844386,1.0,1.7320508075688772,0.0075,0.003,0.012,0.47500000000000003,0.4,0.55,0.6120317551718187,0.5916079783099616,0.6324555320336759,1.0,0.1,133.3333333333332,True,0.1,0.9,25.0,10000.0,0.938,0.139
compass.d.h+.case5.133,1 - 1 - 2103,301.03984399999996,1.3660254037844386,1.0,1.7320508075688772,0.0075,0.003,0.012,0.47500000000000003,0.4,0.55,0.6553442651731014,0.6324555320336759,0.6782329983125268,1.0,0.1,111.1111111111111,True,0.1,0.9,25.0,10000.0,0.938,0.139
compass.d.h+.case5.134,1 - 1 - 2103,301.03984399999996,1.3660254037844386,1.0,1.7320508075688772,0.0075,0.003,0.012,0.47500000000000003,0.4,0.55,0.6996716267026624,0.6782329983125268,0.7211102550927979,1.0,0.1,111.11111111111089,True,0.1,0.9,25.0,10000.0,0.938,0.139
compass.d.h+.case5.135,1 - 1 - 2103,301.03984399999996,1.3660254037844386,1.0,1.7320508075688772,0.0075,0.003,0.012,0.47500000000000003,0.4,0.55,0.7478534621671407,0.7211102550927979,0.7745966692414834,1.0,0.1,83.33333333333337,True,0.1,0.9,25.0,10000.0,0.938,0.139
compass.d.h+.case5.136,1 - 1 - 2103,301.03984399999996,1.3660254037844386,1.0,1.7320508075688772,0.0075,0.003,0.012,0.47500000000000003,0.4,0.55,0.7996088971825077,0.7745966692414834,0.8246211251235321,1.0,0.1,83.33333333333337,True,0.1,0.9,25.0,10000.0,0.938,0.139
compass.d.h+.case5.137,1 - 1 - 2103,301.03984399999996,1.3660254037844386,1.0,1.7320508075688772,0.0075,0.003,0.012,0.47500000000000003,0.4,0.55,0.8482004569158335,0.8246211251235321,0.8717797887081347,1.0,0.1,83.33333333333347,True,0.1,0.9,25.0,10000.0,0.938,0.139
compass.d.h+.case5.138,1 - 1 - 2103,301.03984399999996,1.3660254037844386,1.0,1.7320508075688772,0.0075,0.003,0.012,0.47500000000000003,0.4,0.55,0.902258847008508,0.8717797887081347,0.9327379053088815,1.0,0.1,60.6060606060606,True,0.1,0.9,25.0,10000.0,0.938,0.139
compass.d.h+.case5.139,1 - 1 - 2103,301.03984399999996,1.3660254037844386,1.0,1.7320508075688772,0.0075,0.003,0.012,0.47500000000000003,0.4,0.55,0.9663689526544408,0.9327379053088815,1.0,1.0,0.1,51.28205128205123,True,0.1,0.9,25.0,10000.0,0.938,0.139
compass.d.h+.case5.140,1 - 1 - 2103,301.03984399999996,1.3660254037844386,1.0,1.7320508075688772,0.0075,0.003,0.012,0.47500000000000003,0.4,0.55,1.029150262212918,1.0,1.0583005244258363,1.0,0.1,55.55555555555551,True,0.1,0.9,25.0,10000.0,0.938,0.139
compass.d.h+.case5.141,1 - 1 - 2103,301.03984399999996,1.3660254037844386,1.0,1.7320508075688772,0.0075,0.003,0.012,0.47500000000000003,0.4,0.55,1.0859266984959204,1.0583005244258363,1.1135528725660044,1.0,0.1,55.55555555555551,True,0.1,0.9,25.0,10000.0,0.938,0.139
compass.d.h+.case5.142,1 - 1 - 2103,301.03984399999996,1.3660254037844386,1.0,1.7320508075688772,0.0075,0.003,0.012,0.47500000000000003,0.4,0.55,1.1441434425065387,1.1135528725660044,1.174734012447073,1.0,0.1,47.61904761904764,True,0.1,0.9,25.0,10000.0,0.938,0.139
compass.d.h+.case5.143,1 - 1 - 2103,301.03984399999996,1.3660254037844386,1.0,1.7320508075688772,0.0075,0.003,0.012,0.47500000000000003,0.4,0.55,1.2038084065204342,1.174734012447073,1.2328828005937953,1.0,0.1,47.61904761904764,True,0.1,0.9,25.0,10000.0,0.938,0.139
compass.d.h+.case5.144,1 - 1 - 2103,301.03984399999996,1.3660254037844386,1.0,1.7320508075688772,0.0075,0.003,0.012,0.47500000000000003,0.4,0.55,1.2645154701376837,1.2328828005937953,1.296148139681572,1.0,0.1,41.666666666666735,True,0.1,0.9,25.0,10000.0,0.938,0.139
compass.d.h+.case5.145,1 - 1 - 2103,301.03984399999996,1.3660254037844386,1.0,1.7320508075688772,0.0075,0.003,0.012,0.47500000000000003,0.4,0.55,1.328147595277558,1.296148139681572,1.3601470508735443,1.0,0.1,39.215686274509764,True,0.1,0.9,25.0,10000.0,0.938,0.139
compass.d.h+.case5.146,1 - 1 - 2103,301.03984399999996,1.3660254037844386,1.0,1.7320508075688772,0.0075,0.003,0.012,0.47500000000000003,0.4,0.55,1.3959645786005899,1.3601470508735443,1.4317821063276353,1.0,0.1,33.333333333333336,True,0.1,0.9,25.0,10000.0,0.938,0.139
compass.d.h+.case5.147,1 - 1 - 2103,301.03984399999996,1.3660254037844386,1.0,1.7320508075688772,0.0075,0.003,0.012,0.47500000000000003,0.4,0.55,1.4823765390016121,1.4317821063276353,1.5329709716755893,1.0,0.1,22.2222222222222,True,0.1,0.9,25.0,10000.0,0.938,0.139
compass.d.h+.case5.148,1 - 1 - 2103,301.03984399999996,1.3660254037844386,1.0,1.7320508075688772,0.0075,0.003,0.012,0.47500000000000003,0.4,0.55,1.58042651564278,1.5329709716755893,1.6278820596099706,1.0,0.1,22.222222222222232,True,0.1,0.9,25.0,10000.0,0.938,0.139
compass.d.h+.case5.149,1 - 1 - 2103,301.03984399999996,1.3660254037844386,1.0,1.7320508075688772,0.0075,0.003,0.012,0.47500000000000003,0.4,0.55,1.6799664335894238,1.6278820596099706,1.7320508075688772,1.0,0.1,19.04761904761906,True,0.1,0.9,25.0,10000.0,0.938,0.139
compass.d.h+.case5.150,1 - 1 - 2103,301.03984399999996,1.3660254037844386,1.0,1.7320508075688772,0.0075,0.003,0.012,0.625,0.55,0.7,0.17071067811865476,0.1414213562373095,0.2,1.0,0.1,333.33333333333337,True,0.1,0.9,25.0,10000.0,0.938,0.139
compass.d.h+.case5.151,1 - 1 - 2103,301.03984399999996,1.3660254037844386,1.0,1.7320508075688772,0.0075,0.003,0.012,0.625,0.55,0.7,0.2224744871391589,0.2,0.2449489742783178,1.0,0.1,333.3333333333337,True,0.1,0.9,25.0,10000.0,0.938,0.139
compass.d.h+.case5.152,1 - 1 - 2103,301.03984399999996,1.3660254037844386,1.0,1.7320508075688772,0.0075,0.003,0.012,0.625,0.55,0.7,0.26389584337646843,0.2449489742783178,0.282842712474619,1.0,0.1,333.3333333333335,True,0.1,0.9,25.0,10000.0,0.938,0.139
compass.d.h+.case5.153,1 - 1 - 2103,301.03984399999996,1.3660254037844386,1.0,1.7320508075688772,0.0075,0.003,0.012,0.625,0.55,0.7,0.29953523924572845,0.282842712474619,0.31622776601683794,1.0,0.1,333.3333333333335,True,0.1,0.9,25.0,10000.0,0.938,0.139
compass.d.h+.case5.154,1 - 1 - 2103,301.03984399999996,1.3660254037844386,1.0,1.7320508075688772,0.0075,0.003,0.012,0.625,0.55,0.7,0.3313189637653067,0.31622776601683794,0.34641016151377546,1.0,0.1,333.3333333333337,True,0.1,0.9,25.0,10000.0,0.938,0.139
compass.d.h+.case5.155,1 - 1 - 2103,301.03984399999996,1.3660254037844386,1.0,1.7320508075688772,0.0075,0.003,0.012,0.625,0.55,0.7,0.3602879500955848,0.34641016151377546,0.37416573867739417,1.0,0.1,333.33333333333326,True,0.1,0.9,25.0,10000.0,0.938,0.139
compass.d.h+.case5.156,1 - 1 - 2103,301.03984399999996,1.3660254037844386,1.0,1.7320508075688772,0.0075,0.003,0.012,0.625,0.55,0.7,0.3932381506195801,0.37416573867739417,0.41231056256176607,1.0,0.1,222.22222222222237,True,0.1,0.9,25.0,10000.0,0.938,0.139
compass.d.h+.case5.157,1 - 1 - 2103,301.03984399999996,1.3660254037844386,1.0,1.7320508075688772,0.0075,0.003,0.012,0.625,0.55,0.7,0.429762079030862,0.41231056256176607,0.4472135954999579,1.0,0.1,222.22222222222257,True,0.1,0.9,25.0,10000.0,0.938,0.139
compass.d.h+.case5.158,1 - 1 - 2103,301.03984399999996,1.3660254037844386,1.0,1.7320508075688772,0.0075,0.003,0.012,0.625,0.55,0.7,0.46339837391561495,0.4472135954999579,0.47958315233127197,1.0,0.1,222.22222222222217,True,0.1,0.9,25.0,10000.0,0.938,0.139
compass.d.h+.case5.159,1 - 1 - 2103,301.03984399999996,1.3660254037844386,1.0,1.7320508075688772,0.0075,0.003,0.012,0.625,0.55,0.7,0.4995991973009676,0.47958315233127197,0.5196152422706632,1.0,0.1,166.66666666666652,True,0.1,0.9,25.0,10000.0,0.938,0.139
compass.d.h+.case5.160,1 - 1 - 2103,301.03984399999996,1.3660254037844386,1.0,1.7320508075688772,0.0075,0.003,0.012,0.625,0.55,0.7,0.5336688998879147,0.5196152422706632,0.5477225575051661,1.0,0.1,222.22222222222342,True,0.1,0.9,25.0,10000.0,0.938,0.139
compass.d.h+.case5.161,1 - 1 - 2103,301.03984399999996,1.3660254037844386,1.0,1.7320508075688772,0.0075,0.003,0.012,0.625,0.55,0.7,0.5696652679075638,0.5477225575051661,0.5916079783099616,1.0,0.1,133.3333333333333,True,0.1,0.9,25.0,10000.0,0.938,0.139
compass.d.h+.case5.162,1 - 1 - 2103,301.03984399999996,1.3660254037844386,1.0,1.7320508075688772,0.0075,0.003,0.012,0.625,0.55,0.7,0.6120317551718187,0.5916079783099616,0.6324555320336759,1.0,0.1,133.3333333333333,True,0.1,0.9,25.0,10000.0,0.938,0.139
compass.d.h+.case5.163,1 - 1 - 2103,301.03984399999996,1.3660254037844386,1.0,1.7320508075688772,0.0075,0.003,0.012,0.625,0.55,0.7,0.6553442651731014,0.6324555320336759,0.6782329983125268,1.0,0.1,111.11111111111119,True,0.1,0.9,25.0,10000.0,0.938,0.139
compass.d.h+.case5.164,1 - 1 - 2103,301.03984399999996,1.3660254037844386,1.0,1.7320508075688772,0.0075,0.003,0.012,0.625,0.55,0.7,0.6996716267026624,0.6782329983125268,0.7211102550927979,1.0,0.1,111.11111111111097,True,0.1,0.9,25.0,10000.0,0.938,0.139
compass.d.h+.case5.165,1 - 1 - 2103,301.03984399999996,1.3660254037844386,1.0,1.7320508075688772,0.0075,0.003,0.012,0.625,0.55,0.7,0.7478534621671407,0.7211102550927979,0.7745966692414834,1.0,0.1,83.33333333333343,True,0.1,0.9,25.0,10000.0,0.938,0.139
compass.d.h+.case5.166,1 - 1 - 2103,301.03984399999996,1.3660254037844386,1.0,1.7320508075688772,0.0075,0.003,0.012,0.625,0.55,0.7,0.7996088971825077,0.7745966692414834,0.8246211251235321,1.0,0.1,83.33333333333343,True,0.1,0.9,25.0,10000.0,0.938,0.139
compass.d.h+.case5.167,1 - 1 - 2103,301.03984399999996,1.3660254037844386,1.0,1.7320508075688772,0.0075,0.003,0.012,0.625,0.55,0.7,0.8482004569158335,0.8246211251235321,0.8717797887081347,1.0,0.1,83.33333333333354,True,0.1,0.9,25.0,10000.0,0.938,0.139
compass.d.h+.case5.168,1 - 1 - 2103,301.03984399999996,1.3660254037844386,1.0,1.7320508075688772,0.0075,0.003,0.012,0.625,0.55,0.7,0.902258847008508,0.8717797887081347,0.9327379053088815,1.0,0.1,60.606060606060645,True,0.1,0.9,25.0,10000.0,0.938,0.139
compass.d.h+.case5.169,1 - 1 - 2103,301.03984399999996,1.3660254037844386,1.0,1.7320508075688772,0.0075,0.003,0.012,0.625,0.55,0.7,0.9663689526544408,0.9327379053088815,1.0,1.0,0.1,51.28205128205126,True,0.1,0.9,25.0,10000.0,0.938,0.139
compass.d.h+.case5.170,1 - 1 - 2103,301.03984399999996,1.3660254037844386,1.0,1.7320508075688772,0.0075,0.003,0.012,0.625,0.55,0.7,1.029150262212918,1.0,1.0583005244258363,1.0,0.1,55.55555555555554,True,0.1,0.9,25.0,10000.0,0.938,0.139
compass.d.h+.case5.171,1 - 1 - 2103,301.03984399999996,1.3660254037844386,1.0,1.7320508075688772,0.0075,0.003,0.012,0.625,0.55,0.7,1.0859266984959204,1.0583005244258363,1.1135528725660044,1.0,0.1,55.55555555555554,True,0.1,0.9,25.0,10000.0,0.938,0.139
compass.d.h+.case5.172,1 - 1 - 2103,301.03984399999996,1.3660254037844386,1.0,1.7320508075688772,0.0075,0.003,0.012,0.625,0.55,0.7,1.1441434425065387,1.1135528725660044,1.174734012447073,1.0,0.1,47.61904761904768,True,0.1,0.9,25.0,10000.0,0.938,0.139
compass.d.h+.case5.173,1 - 1 - 2103,301.03984399999996,1.3660254037844386,1.0,1.7320508075688772,0.0075,0.003,0.012,0.625,0.55,0.7,1.2038084065204342,1.174734012447073,1.2328828005937953,1.0,0.1,47.61904761904768,True,0.1,0.9,25.0,10000.0,0.938,0.139
compass.d.h+.case5.174,1 - 1 - 2103,301.03984399999996,1.3660254037844386,1.0,1.7320508075688772,0.0075,0.003,0.012,0.625,0.55,0.7,1.2645154701376837,1.2328828005937953,1.296148139681572,1.0,0.1,41.66666666666677,True,0.1,0.9,25.0,10000.0,0.938,0.139
compass.d.h+.case5.175,1 - 1 - 2103,301.03984399999996,1.3660254037844386,1.0,1.7320508075688772,0.0075,0.003,0.012,0.625,0.55,0.7,1.328147595277558,1.296148139681572,1.3601470508735443,1.0,0.1,39.21568627450979,True,0.1,0.9,25.0,10000.0,0.938,0.139
compass.d.h+.case5.176,1 - 1 - 2103,301.03984399999996,1.3660254037844386,1.0,1.7320508075688772,0.0075,0.003,0.012,0.625,0.55,0.7,1.3959645786005899,1.3601470508735443,1.4317821063276353,1.0,0.1,33.33333333333336,True,0.1,0.9,25.0,10000.0,0.938,0.139
compass.d.h+.case5.177,1 - 1 - 2103,301.03984399999996,1.3660254037844386,1.0,1.7320508075688772,0.0075,0.003,0.012,0.625,0.55,0.7,1.4823765390016121,1.4317821063276353,1.5329709716755893,1.0,0.1,22.222222222222214,True,0.1,0.9,25.0,10000.0,0.938,0.139
compass.d.h+.case5.178,1 - 1 - 2103,301.03984399999996,1.3660254037844386,1.0,1.7320508075688772,0.0075,0.003,0.012,0.625,0.55,0.7,1.58042651564278,1.5329709716755893,1.6278820596099706,1.0,0.1,22.22222222222225,True,0.1,0.9,25.0,10000.0,0.938,0.139
compass.d.h+.case5.179,1 - 1 - 2103,301.03984399999996,1.3660254037844386,1.0,1.7320508075688772,0.0075,0.003,0.012,0.625,0.55,0.7,1.6799664335894238,1.6278820596099706,1.7320508075688772,1.0,0.1,19.047619047619076,True,0.1,0.9,25.0,10000.0,0.938,0.139
compass.d.h+.case5.180,1 - 1 - 2103,301.03984399999996,1.3660254037844386,1.0,1.7320508075688772,0.0075,0.003,0.012,0.7749999999999999,0.7,0.85,0.17071067811865476,0.1414213562373095,0.2,1.0,0.1,333.33333333333314,True,0.1,0.9,25.0,10000.0,0.938,0.139
compass.d.h+.case5.181,1 - 1 - 2103,301.03984399999996,1.3660254037844386,1.0,1.7320508075688772,0.0075,0.003,0.012,0.7749999999999999,0.7,0.85,0.2224744871391589,0.2,0.2449489742783178,1.0,0.1,333.3333333333335,True,0.1,0.9,25.0,10000.0,0.938,0.139
compass.d.h+.case5.182,1 - 1 - 2103,301.03984399999996,1.3660254037844386,1.0,1.7320508075688772,0.0075,0.003,0.012,0.7749999999999999,0.7,0.85,0.26389584337646843,0.2449489742783178,0.282842712474619,1.0,0.1,333.33333333333326,True,0.1,0.9,25.0,10000.0,0.938,0.139
compass.d.h+.case5.183,1 - 1 - 2103,301.03984399999996,1.3660254037844386,1.0,1.7320508075688772,0.0075,0.003,0.012,0.7749999999999999,0.7,0.85,0.29953523924572845,0.282842712474619,0.31622776601683794,1.0,0.1,333.33333333333326,True,0.1,0.9,25.0,10000.0,0.938,0.139
compass.d.h+.case5.184,1 - 1 - 2103,301.03984399999996,1.3660254037844386,1.0,1.7320508075688772,0.0075,0.003,0.012,0.7749999999999999,0.7,0.85,0.3313189637653067,0.31622776601683794,0.34641016151377546,1.0,0.1,333.3333333333335,True,0.1,0.9,25.0,10000.0,0.938,0.139
compass.d.h+.case5.185,1 - 1 - 2103,301.03984399999996,1.3660254037844386,1.0,1.7320508075688772,0.0075,0.003,0.012,0.7749999999999999,0.7,0.85,0.3602879500955848,0.34641016151377546,0.37416573867739417,1.0,0.1,333.333333333333,True,0.1,0.9,25.0,10000.0,0.938,0.139
compass.d.h+.case5.186,1 - 1 - 2103,301.03984399999996,1.3660254037844386,1.0,1.7320508075688772,0.0075,0.003,0.012,0.7749999999999999,0.7,0.85,0.3932381506195801,0.37416573867739417,0.41231056256176607,1.0,0.1,222.2222222222222,True,0.1,0.9,25.0,10000.0,0.938,0.139
compass.d.h+.case5.187,1 - 1 - 2103,301.03984399999996,1.3660254037844386,1.0,1.7320508075688772,0.0075,0.003,0.012,0.7749999999999999,0.7,0.85,0.429762079030862,0.41231056256176607,0.4472135954999579,1.0,0.1,222.2222222222224,True,0.1,0.9,25.0,10000.0,0.938,0.139
compass.d.h+.case5.188,1 - 1 - 2103,301.03984399999996,1.3660254037844386,1.0,1.7320508075688772,0.0075,0.003,0.012,0.7749999999999999,0.7,0.85,0.46339837391561495,0.4472135954999579,0.47958315233127197,1.0,0.1,222.22222222222203,True,0.1,0.9,25.0,10000.0,0.938,0.139
compass.d.h+.case5.189,1 - 1 - 2103,301.03984399999996,1.3660254037844386,1.0,1.7320508075688772,0.0075,0.003,0.012,0.7749999999999999,0.7,0.85,0.4995991973009676,0.47958315233127197,0.5196152422706632,1.0,0.1,166.66666666666637,True,0.1,0.9,25.0,10000.0,0.938,0.139
compass.d.h+.case5.190,1 - 1 - 2103,301.03984399999996,1.3660254037844386,1.0,1.7320508075688772,0.0075,0.003,0.012,0.7749999999999999,0.7,0.85,0.5336688998879147,0.5196152422706632,0.5477225575051661,1.0,0.1,222.22222222222325,True,0.1,0.9,25.0,10000.0,0.938,0.139
compass.d.h+.case5.191,1 - 1 - 2103,301.03984399999996,1.3660254037844386,1.0,1.7320508075688772,0.0075,0.003,0.012,0.7749999999999999,0.7,0.85,0.5696652679075638,0.5477225575051661,0.5916079783099616,1.0,0.1,133.3333333333332,True,0.1,0.9,25.0,10000.0,0.938,0.139
compass.d.h+.case5.192,1 - 1 - 2103,301.03984399999996,1.3660254037844386,1.0,1.7320508075688772,0.0075,0.003,0.012,0.7749999999999999,0.7,0.85,0.6120317551718187,0.5916079783099616,0.6324555320336759,1.0,0.1,133.3333333333332,True,0.1,0.9,25.0,10000.0,0.938,0.139
compass.d.h+.case5.193,1 - 1 - 2103,301.03984399999996,1.3660254037844386,1.0,1.7320508075688772,0.0075,0.003,0.012,0.7749999999999999,0.7,0.85,0.6553442651731014,0.6324555320336759,0.6782329983125268,1.0,0.1,111.1111111111111,True,0.1,0.9,25.0,10000.0,0.938,0.139
compass.d.h+.case5.194,1 - 1 - 2103,301.03984399999996,1.3660254037844386,1.0,1.7320508075688772,0.0075,0.003,0.012,0.7749999999999999,0.7,0.85,0.6996716267026624,0.6782329983125268,0.7211102550927979,1.0,0.1,111.11111111111089,True,0.1,0.9,25.0,10000.0,0.938,0.139
compass.d.h+.case5.195,1 - 1 - 2103,301.03984399999996,1.3660254037844386,1.0,1.7320508075688772,0.0075,0.003,0.012,0.7749999999999999,0.7,0.85,0.7478534621671407,0.7211102550927979,0.7745966692414834,1.0,0.1,83.33333333333337,True,0.1,0.9,25.0,10000.0,0.938,0.139
compass.d.h+.case5.196,1 - 1 - 2103,301.03984399999996,1.3660254037844386,1.0,1.7320508075688772,0.0075,0.003,0.012,0.7749999999999999,0.7,0.85,0.7996088971825077,0.7745966692414834,0.8246211251235321,1.0,0.1,83.33333333333337,True,0.1,0.9,25.0,10000.0,0.938,0.139
compass.d.h+.case5.197,1 - 1 - 2103,301.03984399999996,1.3660254037844386,1.0,1.7320508075688772,0.0075,0.003,0.012,0.7749999999999999,0.7,0.85,0.8482004569158335,0.8246211251235321,0.8717797887081347,1.0,0.1,83.33333333333347,True,0.1,0.9,25.0,10000.0,0.938,0.139
compass.d.h+.case5.198,1 - 1 - 2103,301.03984399999996,1.3660254037844386,1.0,1.7320508075688772,0.0075,0.003,0.012,0.7749999999999999,0.7,0.85,0.902258847008508,0.8717797887081347,0.9327379053088815,1.0,0.1,60.6060606060606,True,0.1,0.9,25.0,10000.0,0.938,0.139
compass.d.h+.case5.199,1 - 1 - 2103,301.03984399999996,1.3660254037844386,1.0,1.7320508075688772,0.0075,0.003,0.012,0.7749999999999999,0.7,0.85,0.9663689526544408,0.9327379053088815,1.0,1.0,0.1,51.28205128205123,True,0.1,0.9,25.0,10000.0,0.938,0.139
compass.d.h+.case5.200,1 - 1 - 2103,301.03984399999996,1.3660254037844386,1.0,1.7320508075688772,0.0075,0.003,0.012,0.7749999999999999,0.7,0.85,1.029150262212918,1.0,1.0583005244258363,1.0,0.1,55.55555555555551,True,0.1,0.9,25.0,10000.0,0.938,0.139
compass.d.h+.case5.201,1 - 1 - 2103,301.03984399999996,1.3660254037844386,1.0,1.7320508075688772,0.0075,0.003,0.012,0.7749999999999999,0.7,0.85,1.0859266984959204,1.0583005244258363,1.1135528725660044,1.0,0.1,55.55555555555551,True,0.1,0.9,25.0,10000.0,0.938,0.139
compass.d.h+.case5.202,1 - 1 - 2103,301.03984399999996,1.3660254037844386,1.0,1.7320508075688772,0.0075,0.003,0.012,0.7749999999999999,0.7,0.85,1.1441434425065387,1.1135528725660044,1.174734012447073,1.0,0.1,47.61904761904764,True,0.1,0.9,25.0,10000.0,0.938,0.139
compass.d.h+.case5.203,1 - 1 - 2103,301.03984399999996,1.3660254037844386,1.0,1.7320508075688772,0.0075,0.003,0.012,0.7749999999999999,0.7,0.85,1.2038084065204342,1.174734012447073,1.2328828005937953,1.0,0.1,47.61904761904764,True,0.1,0.9,25.0,10000.0,0.938,0.139
compass.d.h+.case5.204,1 - 1 - 2103,301.03984399999996,1.3660254037844386,1.0,1.7320508075688772,0.0075,0.003,0.012,0.7749999999999999,0.7,0.85,1.2645154701376837,1.2328828005937953,1.296148139681572,1.0,0.1,41.666666666666735,True,0.1,0.9,25.0,10000.0,0.938,0.139
compass.d.h+.case5.205,1 - 1 - 2103,301.03984399999996,1.3660254037844386,1.0,1.7320508075688772,0.0075,0.003,0.012,0.7749999999999999,0.7,0.85,1.328147595277558,1.296148139681572,1.3601470508735443,1.0,0.1,39.215686274509764,True,0.1,0.9,25.0,10000.0,0.938,0.139
compass.d.h+.case5.206,1 - 1 - 2103,301.03984399999996,1.3660254037844386,1.0,1.7320508075688772,0.0075,0.003,0.012,0.7749999999999999,0.7,0.85,1.3959645786005899,1.3601470508735443,1.4317821063276353,1.0,0.1,33.333333333333336,True,0.1,0.9,25.0,10000.0,0.938,0.139
compass.d.h+.case5.207,1 - 1 - 2103,301.03984399999996,1.3660254037844386,1.0,1.7320508075688772,0.0075,0.003,0.012,0.7749999999999999,0.7,0.85,1.4823765390016121,1.4317821063276353,1.5329709716755893,1.0,0.1,22.2222222222222,True,0.1,0.9,25.0,10000.0,0.938,0.139
compass.d.h+.case5.208,1 - 1 - 2103,301.03984399999996,1.3660254037844386,1.0,1.7320508075688772,0.0075,0.003,0.012,0.7749999999999999,0.7,0.85,1.58042651564278,1.5329709716755893,1.6278820596099706,1.0,0.1,22.222222222222232,True,0.1,0.9,25.0,10000.0,0.938,0.139
compass.d.h+.case5.209,1 - 1 - 2103,301.03984399999996,1.3660254037844386,1.0,1.7320508075688772,0.0075,0.003,0.012,0.7749999999999999,0.7,0.85,1.6799664335894238,1.6278820596099706,1.7320508075688772,1.0,0.1,19.04761904761906,True,0.1,0.9,25.0,10000.0,0.938,0.139
compass.d.h+.case5.210,1 - 1 - 2103,301.03984399999996,1.3660254037844386,1.0,1.7320508075688772,0.016,0.012,0.02,0.15000000000000002,0.1,0.2,0.17071067811865476,0.1414213562373095,0.2,1.0,0.1,499.9999999999998,True,0.1,0.9,25.0,10000.0,0.938,0.139
compass.d.h+.case5.211,1 - 1 - 2103,301.03984399999996,1.3660254037844386,1.0,1.7320508075688772,0.016,0.012,0.02,0.15000000000000002,0.1,0.2,0.2224744871391589,0.2,0.2449489742783178,1.0,0.1,500.0000000000003,True,0.1,0.9,25.0,10000.0,0.938,0.139
compass.d.h+.case5.212,1 - 1 - 2103,301.03984399999996,1.3660254037844386,1.0,1.7320508075688772,0.016,0.012,0.02,0.15000000000000002,0.1,0.2,0.26389584337646843,0.2449489742783178,0.282842712474619,1.0,0.1,499.9999999999999,True,0.1,0.9,25.0,10000.0,0.938,0.139
compass.d.h+.case5.213,1 - 1 - 2103,301.03984399999996,1.3660254037844386,1.0,1.7320508075688772,0.016,0.012,0.02,0.15000000000000002,0.1,0.2,0.29953523924572845,0.282842712474619,0.31622776601683794,1.0,0.1,499.9999999999999,True,0.1,0.9,25.0,10000.0,0.938,0.139
compass.d.h+.case5.214,1 - 1 - 2103,301.03984399999996,1.3660254037844386,1.0,1.7320508075688772,0.016,0.012,0.02,0.15000000000000002,0.1,0.2,0.3313189637653067,0.31622776601683794,0.34641016151377546,1.0,0.1,500.0000000000003,True,0.1,0.9,25.0,10000.0,0.938,0.139
compass.d.h+.case5.215,1 - 1 - 2103,301.03984399999996,1.3660254037844386,1.0,1.7320508075688772,0.016,0.012,0.02,0.15000000000000002,0.1,0.2,0.3602879500955848,0.34641016151377546,0.37416573867739417,1.0,0.1,499.99999999999955,True,0.1,0.9,25.0,10000.0,0.938,0.139
compass.d.h+.case5.216,1 - 1 - 2103,301.03984399999996,1.3660254037844386,1.0,1.7320508075688772,0.016,0.012,0.02,0.15000000000000002,0.1,0.2,0.3932381506195801,0.37416573867739417,0.41231056256176607,1.0,0.1,333.3333333333333,True,0.1,0.9,25.0,10000.0,0.938,0.139
compass.d.h+.case5.217,1 - 1 - 2103,301.03984399999996,1.3660254037844386,1.0,1.7320508075688772,0.016,0.012,0.02,0.15000000000000002,0.1,0.2,0.429762079030862,0.41231056256176607,0.4472135954999579,1.0,0.1,333.3333333333336,True,0.1,0.9,25.0,10000.0,0.938,0.139
compass.d.h+.case5.218,1 - 1 - 2103,301.03984399999996,1.3660254037844386,1.0,1.7320508075688772,0.016,0.012,0.02,0.15000000000000002,0.1,0.2,0.46339837391561495,0.4472135954999579,0.47958315233127197,1.0,0.1,333.33333333333303,True,0.1,0.9,25.0,10000.0,0.938,0.139
compass.d.h+.case5.219,1 - 1 - 2103,301.03984399999996,1.3660254037844386,1.0,1.7320508075688772,0.016,0.012,0.02,0.15000000000000002,0.1,0.2,0.4995991973009676,0.47958315233127197,0.5196152422706632,1.0,0.1,249.9999999999996,True,0.1,0.9,25.0,10000.0,0.938,0.139
compass.d.h+.case5.220,1 - 1 - 2103,301.03984399999996,1.3660254037844386,1.0,1.7320508075688772,0.016,0.012,0.02,0.15000000000000002,0.1,0.2,0.5336688998879147,0.5196152422706632,0.5477225575051661,1.0,0.1,333.3333333333349,True,0.1,0.9,25.0,10000.0,0.938,0.139
compass.d.h+.case5.221,1 - 1 - 2103,301.03984399999996,1.3660254037844386,1.0,1.7320508075688772,0.016,0.012,0.02,0.15000000000000002,0.1,0.2,0.5696652679075638,0.5477225575051661,0.5916079783099616,1.0,0.1,199.9999999999998,True,0.1,0.9,25.0,10000.0,0.938,0.139
compass.d.h+.case5.222,1 - 1 - 2103,301.03984399999996,1.3660254037844386,1.0,1.7320508075688772,0.016,0.012,0.02,0.15000000000000002,0.1,0.2,0.6120317551718187,0.5916079783099616,0.6324555320336759,1.0,0.1,199.9999999999998,True,0.1,0.9,25.0,10000.0,0.938,0.139
compass.d.h+.case5.223,1 - 1 - 2103,301.03984399999996,1.3660254037844386,1.0,1.7320508075688772,0.016,0.012,0.02,0.15000000000000002,0.1,0.2,0.6553442651731014,0.6324555320336759,0.6782329983125268,1.0,0.1,166.66666666666666,True,0.1,0.9,25.0,10000.0,0.938,0.139
compass.d.h+.case5.224,1 - 1 - 2103,301.03984399999996,1.3660254037844386,1.0,1.7320508075688772,0.016,0.012,0.02,0.15000000000000002,0.1,0.2,0.6996716267026624,0.6782329983125268,0.7211102550927979,1.0,0.1,166.66666666666634,True,0.1,0.9,25.0,10000.0,0.938,0.139
compass.d.h+.case5.225,1 - 1 - 2103,301.03984399999996,1.3660254037844386,1.0,1.7320508075688772,0.016,0.012,0.02,0.15000000000000002,0.1,0.2,0.7478534621671407,0.7211102550927979,0.7745966692414834,1.0,0.1,125.00000000000007,True,0.1,0.9,25.0,10000.0,0.938,0.139
compass.d.h+.case5.226,1 - 1 - 2103,301.03984399999996,1.3660254037844386,1.0,1.7320508075688772,0.016,0.012,0.02,0.15000000000000002,0.1,0.2,0.7996088971825077,0.7745966692414834,0.8246211251235321,1.0,0.1,125.00000000000007,True,0.1,0.9,25.0,10000.0,0.938,0.139
compass.d.h+.case5.227,1 - 1 - 2103,301.03984399999996,1.3660254037844386,1.0,1.7320508075688772,0.016,0.012,0.02,0.15000000000000002,0.1,0.2,0.8482004569158335,0.8246211251235321,0.8717797887081347,1.0,0.1,125.00000000000023,True,0.1,0.9,25.0,10000.0,0.938,0.139
compass.d.h+.case5.228,1 - 1 - 2103,301.03984399999996,1.3660254037844386,1.0,1.7320508075688772,0.016,0.012,0.02,0.15000000000000002,0.1,0.2,0.902258847008508,0.8717797887081347,0.9327379053088815,1.0,0.1,90.9090909090909,True,0.1,0.9,25.0,10000.0,0.938,0.139
compass.d.h+.case5.229,1 - 1 - 2103,301.03984399999996,1.3660254037844386,1.0,1.7320508075688772,0.016,0.012,0.02,0.15000000000000002,0.1,0.2,0.9663689526544408,0.9327379053088815,1.0,1.0,0.1,76.92307692307685,True,0.1,0.9,25.0,10000.0,0.938,0.139
compass.d.h+.case5.230,1 - 1 - 2103,301.03984399999996,1.3660254037844386,1.0,1.7320508075688772,0.016,0.012,0.02,0.15000000000000002,0.1,0.2,1.029150262212918,1.0,1.0583005244258363,1.0,0.1,83.33333333333326,True,0.1,0.9,25.0,10000.0,0.938,0.139
compass.d.h+.case5.231,1 - 1 - 2103,301.03984399999996,1.3660254037844386,1.0,1.7320508075688772,0.016,0.012,0.02,0.15000000000000002,0.1,0.2,1.0859266984959204,1.0583005244258363,1.1135528725660044,1.0,0.1,83.33333333333326,True,0.1,0.9,25.0,10000.0,0.938,0.139
compass.d.h+.case5.232,1 - 1 - 2103,301.03984399999996,1.3660254037844386,1.0,1.7320508075688772,0.016,0.012,0.02,0.15000000000000002,0.1,0.2,1.1441434425065387,1.1135528725660044,1.174734012447073,1.0,0.1,71.42857142857147,True,0.1,0.9,25.0,10000.0,0.938,0.139
compass.d.h+.case5.233,1 - 1 - 2103,301.03984399999996,1.3660254037844386,1.0,1.7320508075688772,0.016,0.012,0.02,0.15000000000000002,0.1,0.2,1.2038084065204342,1.174734012447073,1.2328828005937953,1.0,0.1,71.42857142857147,True,0.1,0.9,25.0,10000.0,0.938,0.139
compass.d.h+.case5.234,1 - 1 - 2103,301.03984399999996,1.3660254037844386,1.0,1.7320508075688772,0.016,0.012,0.02,0.15000000000000002,0.1,0.2,1.2645154701376837,1.2328828005937953,1.296148139681572,1.0,0.1,62.500000000000114,True,0.1,0.9,25.0,10000.0,0.938,0.139
compass.d.h+.case5.235,1 - 1 - 2103,301.03984399999996,1.3660254037844386,1.0,1.7320508075688772,0.016,0.012,0.02,0.15000000000000002,0.1,0.2,1.328147595277558,1.296148139681572,1.3601470508735443,1.0,0.1,58.82352941176465,True,0.1,0.9,25.0,10000.0,0.938,0.139
compass.d.h+.case5.236,1 - 1 - 2103,301.03984399999996,1.3660254037844386,1.0,1.7320508075688772,0.016,0.012,0.02,0.15000000000000002,0.1,0.2,1.3959645786005899,1.3601470508735443,1.4317821063276353,1.0,0.1,50.00000000000001,True,0.1,0.9,25.0,10000.0,0.938,0.139
compass.d.h+.case5.237,1 - 1 - 2103,301.03984399999996,1.3660254037844386,1.0,1.7320508075688772,0.016,0.012,0.02,0.15000000000000002,0.1,0.2,1.4823765390016121,1.4317821063276353,1.5329709716755893,1.0,0.1,33.3333333333333,True,0.1,0.9,25.0,10000.0,0.938,0.139
compass.d.h+.case5.238,1 - 1 - 2103,301.03984399999996,1.3660254037844386,1.0,1.7320508075688772,0.016,0.012,0.02,0.15000000000000002,0.1,0.2,1.58042651564278,1.5329709716755893,1.6278820596099706,1.0,0.1,33.33333333333335,True,0.1,0.9,25.0,10000.0,0.938,0.139
compass.d.h+.case5.239,1 - 1 - 2103,301.03984399999996,1.3660254037844386,1.0,1.7320508075688772,0.016,0.012,0.02,0.15000000000000002,0.1,0.2,1.6799664335894238,1.6278820596099706,1.7320508075688772,1.0,0.1,28.571428571428598,True,0.1,0.9,25.0,10000.0,0.938,0.139
compass.d.h+.case5.240,1 - 1 - 2103,301.03984399999996,1.3660254037844386,1.0,1.7320508075688772,0.016,0.012,0.02,0.225,0.2,0.25,0.17071067811865476,0.1414213562373095,0.2,1.0,0.1,999.9999999999998,True,0.1,0.9,25.0,10000.0,0.938,0.139
compass.d.h+.case5.241,1 - 1 - 2103,301.03984399999996,1.3660254037844386,1.0,1.7320508075688772,0.016,0.012,0.02,0.225,0.2,0.25,0.2224744871391589,0.2,0.2449489742783178,1.0,0.1,1000.0000000000008,True,0.1,0.9,25.0,10000.0,0.938,0.139
compass.d.h+.case5.242,1 - 1 - 2103,301.03984399999996,1.3660254037844386,1.0,1.7320508075688772,0.016,0.012,0.02,0.225,0.2,0.25,0.26389584337646843,0.2449489742783178,0.282842712474619,1.0,0.1,1000.0000000000001,True,0.1,0.9,25.0,10000.0,0.938,0.139
compass.d.h+.case5.243,1 - 1 - 2103,301.03984399999996,1.3660254037844386,1.0,1.7320508075688772,0.016,0.012,0.02,0.225,0.2,0.25,0.29953523924572845,0.282842712474619,0.31622776601683794,1.0,0.1,1000.0000000000001,True,0.1,0.9,25.0,10000.0,0.938,0.139
compass.d.h+.case5.244,1 - 1 - 2103,301.03984399999996,1.3660254037844386,1.0,1.7320508075688772,0.016,0.012,0.02,0.225,0.2,0.25,0.3313189637653067,0.31622776601683794,0.34641016151377546,1.0,0.1,1000.0000000000008,True,0.1,0.9,25.0,10000.0,0.938,0.139
compass.d.h+.case5.245,1 - 1 - 2103,301.03984399999996,1.3660254037844386,1.0,1.7320508075688772,0.016,0.012,0.02,0.225,0.2,0.25,0.3602879500955848,0.34641016151377546,0.37416573867739417,1.0,0.1,999.9999999999993,True,0.1,0.9,25.0,10000.0,0.938,0.139
compass.d.h+.case5.246,1 - 1 - 2103,301.03984399999996,1.3660254037844386,1.0,1.7320508075688772,0.016,0.012,0.02,0.225,0.2,0.25,0.3932381506195801,0.37416573867739417,0.41231056256176607,1.0,0.1,666.6666666666669,True,0.1,0.9,25.0,10000.0,0.938,0.139
compass.d.h+.case5.247,1 - 1 - 2103,301.03984399999996,1.3660254037844386,1.0,1.7320508075688772,0.016,0.012,0.02,0.225,0.2,0.25,0.429762079030862,0.41231056256176607,0.4472135954999579,1.0,0.1,666.6666666666674,True,0.1,0.9,25.0,10000.0,0.938,0.139
compass.d.h+.case5.248,1 - 1 - 2103,301.03984399999996,1.3660254037844386,1.0,1.7320508075688772,0.016,0.012,0.02,0.225,0.2,0.25,0.46339837391561495,0.4472135954999579,0.47958315233127197,1.0,0.1,666.6666666666663,True,0.1,0.9,25.0,10000.0,0.938,0.139
compass.d.h+.case5.249,1 - 1 - 2103,301.03984399999996,1.3660254037844386,1.0,1.7320508075688772,0.016,0.012,0.02,0.225,0.2,0.25,0.4995991973009676,0.47958315233127197,0.5196152422706632,1.0,0.1,499.9999999999993,True,0.1,0.9,25.0,10000.0,0.938,0.139
compass.d.h+.case5.250,1 - 1 - 2103,301.03984399999996,1.3660254037844386,1.0,1.7320508075688772,0.016,0.012,0.02,0.225,0.2,0.25,0.5336688998879147,0.5196152422706632,0.5477225575051661,1.0,0.1,666.66666666667,True,0.1,0.9,25.0,10000.0,0.938,0.139
compass.d.h+.case5.251,1 - 1 - 2103,301.03984399999996,1.3660254037844386,1.0,1.7320508075688772,0.016,0.012,0.02,0.225,0.2,0.25,0.5696652679075638,0.5477225575051661,0.5916079783099616,1.0,0.1,399.9999999999997,True,0.1,0.9,25.0,10000.0,0.938,0.139
compass.d.h+.case5.252,1 - 1 - 2103,301.03984399999996,1.3660254037844386,1.0,1.7320508075688772,0.016,0.012,0.02,0.225,0.2,0.25,0.6120317551718187,0.5916079783099616,0.6324555320336759,1.0,0.1,399.9999999999997,True,0.1,0.9,25.0,10000.0,0.938,0.139
compass.d.h+.case5.253,1 - 1 - 2103,301.03984399999996,1.3660254037844386,1.0,1.7320508075688772,0.016,0.012,0.02,0.225,0.2,0.25,0.6553442651731014,0.6324555320336759,0.6782329983125268,1.0,0.1,333.3333333333334,True,0.1,0.9,25.0,10000.0,0.938,0.139
compass.d.h+.case5.254,1 - 1 - 2103,301.03984399999996,1.3660254037844386,1.0,1.7320508075688772,0.016,0.012,0.02,0.225,0.2,0.25,0.6996716267026624,0.6782329983125268,0.7211102550927979,1.0,0.1,333.3333333333328,True,0.1,0.9,25.0,10000.0,0.938,0.139
compass.d.h+.case5.255,1 - 1 - 2103,301.03984399999996,1.3660254037844386,1.0,1.7320508075688772,0.016,0.012,0.02,0.225,0.2,0.25,0.7478534621671407,0.7211102550927979,0.7745966692414834,1.0,0.1,250.0000000000002,True,0.1,0.9,25.0,10000.0,0.938,0.139
compass.d.h+.case5.256,1 - 1 - 2103,301.03984399999996,1.3660254037844386,1.0,1.7320508075688772,0.016,0.012,0.02,0.225,0.2,0.25,0.7996088971825077,0.7745966692414834,0.8246211251235321,1.0,0.1,250.0000000000002,True,0.1,0.9,25.0,10000.0,0.938,0.139
compass.d.h+.case5.257,1 - 1 - 2103,301.03984399999996,1.3660254037844386,1.0,1.7320508075688772,0.016,0.012,0.02,0.225,0.2,0.25,0.8482004569158335,0.8246211251235321,0.8717797887081347,1.0,0.1,250.0000000000005,True,0.1,0.9,25.0,10000.0,0.938,0.139
compass.d.h+.case5.258,1 - 1 - 2103,301.03984399999996,1.3660254037844386,1.0,1.7320508075688772,0.016,0.012,0.02,0.225,0.2,0.25,0.902258847008508,0.8717797887081347,0.9327379053088815,1.0,0.1,181.81818181818187,True,0.1,0.9,25.0,10000.0,0.938,0.139
compass.d.h+.case5.259,1 - 1 - 2103,301.03984399999996,1.3660254037844386,1.0,1.7320508075688772,0.016,0.012,0.02,0.225,0.2,0.25,0.9663689526544408,0.9327379053088815,1.0,1.0,0.1,153.84615384615375,True,0.1,0.9,25.0,10000.0,0.938,0.139
compass.d.h+.case5.260,1 - 1 - 2103,301.03984399999996,1.3660254037844386,1.0,1.7320508075688772,0.016,0.012,0.02,0.225,0.2,0.25,1.029150262212918,1.0,1.0583005244258363,1.0,0.1,166.66666666666657,True,0.1,0.9,25.0,10000.0,0.938,0.139
compass.d.h+.case5.261,1 - 1 - 2103,301.03984399999996,1.3660254037844386,1.0,1.7320508075688772,0.016,0.012,0.02,0.225,0.2,0.25,1.0859266984959204,1.0583005244258363,1.1135528725660044,1.0,0.1,166.66666666666657,True,0.1,0.9,25.0,10000.0,0.938,0.139
compass.d.h+.case5.262,1 - 1 - 2103,301.03984399999996,1.3660254037844386,1.0,1.7320508075688772,0.016,0.012,0.02,0.225,0.2,0.25,1.1441434425065387,1.1135528725660044,1.174734012447073,1.0,0.1,142.85714285714297,True,0.1,0.9,25.0,10000.0,0.938,0.139
compass.d.h+.case5.263,1 - 1 - 2103,301.03984399999996,1.3660254037844386,1.0,1.7320508075688772,0.016,0.012,0.02,0.225,0.2,0.25,1.2038084065204342,1.174734012447073,1.2328828005937953,1.0,0.1,142.85714285714297,True,0.1,0.9,25.0,10000.0,0.938,0.139
compass.d.h+.case5.264,1 - 1 - 2103,301.03984399999996,1.3660254037844386,1.0,1.7320508075688772,0.016,0.012,0.02,0.225,0.2,0.25,1.2645154701376837,1.2328828005937953,1.296148139681572,1.0,0.1,125.00000000000026,True,0.1,0.9,25.0,10000.0,0.938,0.139
compass.d.h+.case5.265,1 - 1 - 2103,301.03984399999996,1.3660254037844386,1.0,1.7320508075688772,0.016,0.012,0.02,0.225,0.2,0.25,1.328147595277558,1.296148139681572,1.3601470508735443,1.0,0.1,117.64705882352933,True,0.1,0.9,25.0,10000.0,0.938,0.139
compass.d.h+.case5.266,1 - 1 - 2103,301.03984399999996,1.3660254037844386,1.0,1.7320508075688772,0.016,0.012,0.02,0.225,0.2,0.25,1.3959645786005899,1.3601470508735443,1.4317821063276353,1.0,0.1,100.00000000000004,True,0.1,0.9,25.0,10000.0,0.938,0.139
compass.d.h+.case5.267,1 - 1 - 2103,301.03984399999996,1.3660254037844386,1.0,1.7320508075688772,0.016,0.012,0.02,0.225,0.2,0.25,1.4823765390016121,1.4317821063276353,1.5329709716755893,1.0,0.1,66.66666666666663,True,0.1,0.9,25.0,10000.0,0.938,0.139
compass.d.h+.case5.268,1 - 1 - 2103,301.03984399999996,1.3660254037844386,1.0,1.7320508075688772,0.016,0.012,0.02,0.225,0.2,0.25,1.58042651564278,1.5329709716755893,1.6278820596099706,1.0,0.1,66.66666666666671,True,0.1,0.9,25.0,10000.0,0.938,0.139
compass.d.h+.case5.269,1 - 1 - 2103,301.03984399999996,1.3660254037844386,1.0,1.7320508075688772,0.016,0.012,0.02,0.225,0.2,0.25,1.6799664335894238,1.6278820596099706,1.7320508075688772,1.0,0.1,57.14285714285721,True,0.1,0.9,25.0,10000.0,0.938,0.139
compass.d.h+.case5.270,1 - 1 - 2103,301.03984399999996,1.3660254037844386,1.0,1.7320508075688772,0.016,0.012,0.02,0.275,0.25,0.3,0.17071067811865476,0.1414213562373095,0.2,1.0,0.1,999.9999999999998,True,0.1,0.9,25.0,10000.0,0.938,0.139
compass.d.h+.case5.271,1 - 1 - 2103,301.03984399999996,1.3660254037844386,1.0,1.7320508075688772,0.016,0.012,0.02,0.275,0.25,0.3,0.2224744871391589,0.2,0.2449489742783178,1.0,0.1,1000.0000000000008,True,0.1,0.9,25.0,10000.0,0.938,0.139
compass.d.h+.case5.272,1 - 1 - 2103,301.03984399999996,1.3660254037844386,1.0,1.7320508075688772,0.016,0.012,0.02,0.275,0.25,0.3,0.26389584337646843,0.2449489742783178,0.282842712474619,1.0,0.1,1000.0000000000001,True,0.1,0.9,25.0,10000.0,0.938,0.139
compass.d.h+.case5.273,1 - 1 - 2103,301.03984399999996,1.3660254037844386,1.0,1.7320508075688772,0.016,0.012,0.02,0.275,0.25,0.3,0.29953523924572845,0.282842712474619,0.31622776601683794,1.0,0.1,1000.0000000000001,True,0.1,0.9,25.0,10000.0,0.938,0.139
compass.d.h+.case5.274,1 - 1 - 2103,301.03984399999996,1.3660254037844386,1.0,1.7320508075688772,0.016,0.012,0.02,0.275,0.25,0.3,0.3313189637653067,0.31622776601683794,0.34641016151377546,1.0,0.1,1000.0000000000008,True,0.1,0.9,25.0,10000.0,0.938,0.139
compass.d.h+.case5.275,1 - 1 - 2103,301.03984399999996,1.3660254037844386,1.0,1.7320508075688772,0.016,0.012,0.02,0.275,0.25,0.3,0.3602879500955848,0.34641016151377546,0.37416573867739417,1.0,0.1,999.9999999999993,True,0.1,0.9,25.0,10000.0,0.938,0.139
compass.d.h+.case5.276,1 - 1 - 2103,301.03984399999996,1.3660254037844386,1.0,1.7320508075688772,0.016,0.012,0.02,0.275,0.25,0.3,0.3932381506195801,0.37416573867739417,0.41231056256176607,1.0,0.1,666.6666666666669,True,0.1,0.9,25.0,10000.0,0.938,0.139
compass.d.h+.case5.277,1 - 1 - 2103,301.03984399999996,1.3660254037844386,1.0,1.7320508075688772,0.016,0.012,0.02,0.275,0.25,0.3,0.429762079030862,0.41231056256176607,0.4472135954999579,1.0,0.1,666.6666666666674,True,0.1,0.9,25.0,10000.0,0.938,0.139
compass.d.h+.case5.278,1 - 1 - 2103,301.03984399999996,1.3660254037844386,1.0,1.7320508075688772,0.016,0.012,0.02,0.275,0.25,0.3,0.46339837391561495,0.4472135954999579,0.47958315233127197,1.0,0.1,666.6666666666663,True,0.1,0.9,25.0,10000.0,0.938,0.139
compass.d.h+.case5.279,1 - 1 - 2103,301.03984399999996,1.3660254037844386,1.0,1.7320508075688772,0.016,0.012,0.02,0.275,0.25,0.3,0.4995991973009676,0.47958315233127197,0.5196152422706632,1.0,0.1,499.9999999999993,True,0.1,0.9,25.0,10000.0,0.938,0.139
compass.d.h+.case5.280,1 - 1 - 2103,301.03984399999996,1.3660254037844386,1.0,1.7320508075688772,0.016,0.012,0.02,0.275,0.25,0.3,0.5336688998879147,0.5196152422706632,0.5477225575051661,1.0,0.1,666.66666666667,True,0.1,0.9,25.0,10000.0,0.938,0.139
compass.d.h+.case5.281,1 - 1 - 2103,301.03984399999996,1.3660254037844386,1.0,1.7320508075688772,0.016,0.012,0.02,0.275,0.25,0.3,0.5696652679075638,0.5477225575051661,0.5916079783099616,1.0,0.1,399.9999999999997,True,0.1,0.9,25.0,10000.0,0.938,0.139
compass.d.h+.case5.282,1 - 1 - 2103,301.03984399999996,1.3660254037844386,1.0,1.7320508075688772,0.016,0.012,0.02,0.275,0.25,0.3,0.6120317551718187,0.5916079783099616,0.6324555320336759,1.0,0.1,399.9999999999997,True,0.1,0.9,25.0,10000.0,0.938,0.139
compass.d.h+.case5.283,1 - 1 - 2103,301.03984399999996,1.3660254037844386,1.0,1.7320508075688772,0.016,0.012,0.02,0.275,0.25,0.3,0.6553442651731014,0.6324555320336759,0.6782329983125268,1.0,0.1,333.3333333333334,True,0.1,0.9,25.0,10000.0,0.938,0.139
compass.d.h+.case5.284,1 - 1 - 2103,301.03984399999996,1.3660254037844386,1.0,1.7320508075688772,0.016,0.012,0.02,0.275,0.25,0.3,0.6996716267026624,0.6782329983125268,0.7211102550927979,1.0,0.1,333.3333333333328,True,0.1,0.9,25.0,10000.0,0.938,0.139
compass.d.h+.case5.285,1 - 1 - 2103,301.03984399999996,1.3660254037844386,1.0,1.7320508075688772,0.016,0.012,0.02,0.275,0.25,0.3,0.7478534621671407,0.7211102550927979,0.7745966692414834,1.0,0.1,250.0000000000002,True,0.1,0.9,25.0,10000.0,0.938,0.139
compass.d.h+.case5.286,1 - 1 - 2103,301.03984399999996,1.3660254037844386,1.0,1.7320508075688772,0.016,0.012,0.02,0.275,0.25,0.3,0.7996088971825077,0.7745966692414834,0.8246211251235321,1.0,0.1,250.0000000000002,True,0.1,0.9,25.0,10000.0,0.938,0.139
compass.d.h+.case5.287,1 - 1 - 2103,301.03984399999996,1.3660254037844386,1.0,1.7320508075688772,0.016,0.012,0.02,0.275,0.25,0.3,0.8482004569158335,0.8246211251235321,0.8717797887081347,1.0,0.1,250.0000000000005,True,0.1,0.9,25.0,10000.0,0.938,0.139
compass.d.h+.case5.288,1 - 1 - 2103,301.03984399999996,1.3660254037844386,1.0,1.7320508075688772,0.016,0.012,0.02,0.275,0.25,0.3,0.902258847008508,0.8717797887081347,0.9327379053088815,1.0,0.1,181.81818181818187,True,0.1,0.9,25.0,10000.0,0.938,0.139
compass.d.h+.case5.289,1 - 1 - 2103,301.03984399999996,1.3660254037844386,1.0,1.7320508075688772,0.016,0.012,0.02,0.275,0.25,0.3,0.9663689526544408,0.9327379053088815,1.0,1.0,0.1,153.84615384615375,True,0.1,0.9,25.0,10000.0,0.938,0.139
compass.d.h+.case5.290,1 - 1 - 2103,301.03984399999996,1.3660254037844386,1.0,1.7320508075688772,0.016,0.012,0.02,0.275,0.25,0.3,1.029150262212918,1.0,1.0583005244258363,1.0,0.1,166.66666666666657,True,0.1,0.9,25.0,10000.0,0.938,0.139
compass.d.h+.case5.291,1 - 1 - 2103,301.03984399999996,1.3660254037844386,1.0,1.7320508075688772,0.016,0.012,0.02,0.275,0.25,0.3,1.0859266984959204,1.0583005244258363,1.1135528725660044,1.0,0.1,166.66666666666657,True,0.1,0.9,25.0,10000.0,0.938,0.139
compass.d.h+.case5.292,1 - 1 - 2103,301.03984399999996,1.3660254037844386,1.0,1.7320508075688772,0.016,0.012,0.02,0.275,0.25,0.3,1.1441434425065387,1.1135528725660044,1.174734012447073,1.0,0.1,142.85714285714297,True,0.1,0.9,25.0,10000.0,0.938,0.139
compass.d.h+.case5.293,1 - 1 - 2103,301.03984399999996,1.3660254037844386,1.0,1.7320508075688772,0.016,0.012,0.02,0.275,0.25,0.3,1.2038084065204342,1.174734012447073,1.2328828005937953,1.0,0.1,142.85714285714297,True,0.1,0.9,25.0,10000.0,0.938,0.139
compass.d.h+.case5.294,1 - 1 - 2103,301.03984399999996,1.3660254037844386,1.0,1.7320508075688772,0.016,0.012,0.02,0.275,0.25,0.3,1.2645154701376837,1.2328828005937953,1.296148139681572,1.0,0.1,125.00000000000026,True,0.1,0.9,25.0,10000.0,0.938,0.139
compass.d.h+.case5.295,1 - 1 - 2103,301.03984399999996,1.3660254037844386,1.0,1.7320508075688772,0.016,0.012,0.02,0.275,0.25,0.3,1.328147595277558,1.296148139681572,1.3601470508735443,1.0,0.1,117.64705882352933,True,0.1,0.9,25.0,10000.0,0.938,0.139
compass.d.h+.case5.296,1 - 1 - 2103,301.03984399999996,1.3660254037844386,1.0,1.7320508075688772,0.016,0.012,0.02,0.275,0.25,0.3,1.3959645786005899,1.3601470508735443,1.4317821063276353,1.0,0.1,100.00000000000004,True,0.1,0.9,25.0,10000.0,0.938,0.139
compass.d.h+.case5.297,1 - 1 - 2103,301.03984399999996,1.3660254037844386,1.0,1.7320508075688772,0.016,0.012,0.02,0.275,0.25,0.3,1.4823765390016121,1.4317821063276353,1.5329709716755893,1.0,0.1,66.66666666666663,True,0.1,0.9,25.0,10000.0,0.938,0.139
compass.d.h+.case5.298,1 - 1 - 2103,301.03984399999996,1.3660254037844386,1.0,1.7320508075688772,0.016,0.012,0.02,0.275,0.25,0.3,1.58042651564278,1.5329709716755893,1.6278820596099706,1.0,0.1,66.66666666666671,True,0.1,0.9,25.0,10000.0,0.938,0.139
compass.d.h+.case5.299,1 - 1 - 2103,301.03984399999996,1.3660254037844386,1.0,1.7320508075688772,0.016,0.012,0.02,0.275,0.25,0.3,1.6799664335894238,1.6278820596099706,1.7320508075688772,1.0,0.1,57.14285714285721,True,0.1,0.9,25.0,10000.0,0.938,0.139
compass.d.h+.case5.300,1 - 1 - 2103,301.03984399999996,1.3660254037844386,1.0,1.7320508075688772,0.016,0.012,0.02,0.35,0.3,0.4,0.17071067811865476,0.1414213562373095,0.2,1.0,0.1,499.9999999999996,True,0.1,0.9,25.0,10000.0,0.938,0.139
compass.d.h+.case5.301,1 - 1 - 2103,301.03984399999996,1.3660254037844386,1.0,1.7320508075688772,0.016,0.012,0.02,0.35,0.3,0.4,0.2224744871391589,0.2,0.2449489742783178,1.0,0.1,500.0000000000001,True,0.1,0.9,25.0,10000.0,0.938,0.139
compass.d.h+.case5.302,1 - 1 - 2103,301.03984399999996,1.3660254037844386,1.0,1.7320508075688772,0.016,0.012,0.02,0.35,0.3,0.4,0.26389584337646843,0.2449489742783178,0.282842712474619,1.0,0.1,499.9999999999998,True,0.1,0.9,25.0,10000.0,0.938,0.139
compass.d.h+.case5.303,1 - 1 - 2103,301.03984399999996,1.3660254037844386,1.0,1.7320508075688772,0.016,0.012,0.02,0.35,0.3,0.4,0.29953523924572845,0.282842712474619,0.31622776601683794,1.0,0.1,499.9999999999998,True,0.1,0.9,25.0,10000.0,0.938,0.139
compass.d.h+.case5.304,1 - 1 - 2103,301.03984399999996,1.3660254037844386,1.0,1.7320508075688772,0.016,0.012,0.02,0.35,0.3,0.4,0.3313189637653067,0.31622776601683794,0.34641016151377546,1.0,0.1,500.0000000000001,True,0.1,0.9,25.0,10000.0,0.938,0.139
compass.d.h+.case5.305,1 - 1 - 2103,301.03984399999996,1.3660254037844386,1.0,1.7320508075688772,0.016,0.012,0.02,0.35,0.3,0.4,0.3602879500955848,0.34641016151377546,0.37416573867739417,1.0,0.1,499.99999999999943,True,0.1,0.9,25.0,10000.0,0.938,0.139
compass.d.h+.case5.306,1 - 1 - 2103,301.03984399999996,1.3660254037844386,1.0,1.7320508075688772,0.016,0.012,0.02,0.35,0.3,0.4,0.3932381506195801,0.37416573867739417,0.41231056256176607,1.0,0.1,333.33333333333326,True,0.1,0.9,25.0,10000.0,0.938,0.139
compass.d.h+.case5.307,1 - 1 - 2103,301.03984399999996,1.3660254037844386,1.0,1.7320508075688772,0.016,0.012,0.02,0.35,0.3,0.4,0.429762079030862,0.41231056256176607,0.4472135954999579,1.0,0.1,333.33333333333354,True,0.1,0.9,25.0,10000.0,0.938,0.139
compass.d.h+.case5.308,1 - 1 - 2103,301.03984399999996,1.3660254037844386,1.0,1.7320508075688772,0.016,0.012,0.02,0.35,0.3,0.4,0.46339837391561495,0.4472135954999579,0.47958315233127197,1.0,0.1,333.333333333333,True,0.1,0.9,25.0,10000.0,0.938,0.139
compass.d.h+.case5.309,1 - 1 - 2103,301.03984399999996,1.3660254037844386,1.0,1.7320508075688772,0.016,0.012,0.02,0.35,0.3,0.4,0.4995991973009676,0.47958315233127197,0.5196152422706632,1.0,0.1,249.99999999999952,True,0.1,0.9,25.0,10000.0,0.938,0.139
compass.d.h+.case5.310,1 - 1 - 2103,301.03984399999996,1.3660254037844386,1.0,1.7320508075688772,0.016,0.012,0.02,0.35,0.3,0.4,0.5336688998879147,0.5196152422706632,0.5477225575051661,1.0,0.1,333.3333333333348,True,0.1,0.9,25.0,10000.0,0.938,0.139
compass.d.h+.case5.311,1 - 1 - 2103,301.03984399999996,1.3660254037844386,1.0,1.7320508075688772,0.016,0.012,0.02,0.35,0.3,0.4,0.5696652679075638,0.5477225575051661,0.5916079783099616,1.0,0.1,199.99999999999974,True,0.1,0.9,25.0,10000.0,0.938,0.139
compass.d.h+.case5.312,1 - 1 - 2103,301.03984399999996,1.3660254037844386,1.0,1.7320508075688772,0.016,0.012,0.02,0.35,0.3,0.4,0.6120317551718187,0.5916079783099616,0.6324555320336759,1.0,0.1,199.99999999999974,True,0.1,0.9,25.0,10000.0,0.938,0.139
compass.d.h+.case5.313,1 - 1 - 2103,301.03984399999996,1.3660254037844386,1.0,1.7320508075688772,0.016,0.012,0.02,0.35,0.3,0.4,0.6553442651731014,0.6324555320336759,0.6782329983125268,1.0,0.1,166.66666666666663,True,0.1,0.9,25.0,10000.0,0.938,0.139
compass.d.h+.case5.314,1 - 1 - 2103,301.03984399999996,1.3660254037844386,1.0,1.7320508075688772,0.016,0.012,0.02,0.35,0.3,0.4,0.6996716267026624,0.6782329983125268,0.7211102550927979,1.0,0.1,166.66666666666632,True,0.1,0.9,25.0,10000.0,0.938,0.139
compass.d.h+.case5.315,1 - 1 - 2103,301.03984399999996,1.3660254037844386,1.0,1.7320508075688772,0.016,0.012,0.02,0.35,0.3,0.4,0.7478534621671407,0.7211102550927979,0.7745966692414834,1.0,0.1,125.00000000000003,True,0.1,0.9,25.0,10000.0,0.938,0.139
compass.d.h+.case5.316,1 - 1 - 2103,301.03984399999996,1.3660254037844386,1.0,1.7320508075688772,0.016,0.012,0.02,0.35,0.3,0.4,0.7996088971825077,0.7745966692414834,0.8246211251235321,1.0,0.1,125.00000000000003,True,0.1,0.9,25.0,10000.0,0.938,0.139
compass.d.h+.case5.317,1 - 1 - 2103,301.03984399999996,1.3660254037844386,1.0,1.7320508075688772,0.016,0.012,0.02,0.35,0.3,0.4,0.8482004569158335,0.8246211251235321,0.8717797887081347,1.0,0.1,125.00000000000018,True,0.1,0.9,25.0,10000.0,0.938,0.139
compass.d.h+.case5.318,1 - 1 - 2103,301.03984399999996,1.3660254037844386,1.0,1.7320508075688772,0.016,0.012,0.02,0.35,0.3,0.4,0.902258847008508,0.8717797887081347,0.9327379053088815,1.0,0.1,90.90909090909089,True,0.1,0.9,25.0,10000.0,0.938,0.139
compass.d.h+.case5.319,1 - 1 - 2103,301.03984399999996,1.3660254037844386,1.0,1.7320508075688772,0.016,0.012,0.02,0.35,0.3,0.4,0.9663689526544408,0.9327379053088815,1.0,1.0,0.1,76.92307692307683,True,0.1,0.9,25.0,10000.0,0.938,0.139
compass.d.h+.case5.320,1 - 1 - 2103,301.03984399999996,1.3660254037844386,1.0,1.7320508075688772,0.016,0.012,0.02,0.35,0.3,0.4,1.029150262212918,1.0,1.0583005244258363,1.0,0.1,83.33333333333324,True,0.1,0.9,25.0,10000.0,0.938,0.139
compass.d.h+.case5.321,1 - 1 - 2103,301.03984399999996,1.3660254037844386,1.0,1.7320508075688772,0.016,0.012,0.02,0.35,0.3,0.4,1.0859266984959204,1.0583005244258363,1.1135528725660044,1.0,0.1,83.33333333333324,True,0.1,0.9,25.0,10000.0,0.938,0.139
compass.d.h+.case5.322,1 - 1 - 2103,301.03984399999996,1.3660254037844386,1.0,1.7320508075688772,0.016,0.012,0.02,0.35,0.3,0.4,1.1441434425065387,1.1135528725660044,1.174734012447073,1.0,0.1,71.42857142857146,True,0.1,0.9,25.0,10000.0,0.938,0.139
compass.d.h+.case5.323,1 - 1 - 2103,301.03984399999996,1.3660254037844386,1.0,1.7320508075688772,0.016,0.012,0.02,0.35,0.3,0.4,1.2038084065204342,1.174734012447073,1.2328828005937953,1.0,0.1,71.42857142857146,True,0.1,0.9,25.0,10000.0,0.938,0.139
compass.d.h+.case5.324,1 - 1 - 2103,301.03984399999996,1.3660254037844386,1.0,1.7320508075688772,0.016,0.012,0.02,0.35,0.3,0.4,1.2645154701376837,1.2328828005937953,1.296148139681572,1.0,0.1,62.50000000000009,True,0.1,0.9,25.0,10000.0,0.938,0.139
compass.d.h+.case5.325,1 - 1 - 2103,301.03984399999996,1.3660254037844386,1.0,1.7320508075688772,0.016,0.012,0.02,0.35,0.3,0.4,1.328147595277558,1.296148139681572,1.3601470508735443,1.0,0.1,58.82352941176464,True,0.1,0.9,25.0,10000.0,0.938,0.139
compass.d.h+.case5.326,1 - 1 - 2103,301.03984399999996,1.3660254037844386,1.0,1.7320508075688772,0.016,0.012,0.02,0.35,0.3,0.4,1.3959645786005899,1.3601470508735443,1.4317821063276353,1.0,0.1,49.99999999999999,True,0.1,0.9,25.0,10000.0,0.938,0.139
compass.d.h+.case5.327,1 - 1 - 2103,301.03984399999996,1.3660254037844386,1.0,1.7320508075688772,0.016,0.012,0.02,0.35,0.3,0.4,1.4823765390016121,1.4317821063276353,1.5329709716755893,1.0,0.1,33.33333333333329,True,0.1,0.9,25.0,10000.0,0.938,0.139
compass.d.h+.case5.328,1 - 1 - 2103,301.03984399999996,1.3660254037844386,1.0,1.7320508075688772,0.016,0.012,0.02,0.35,0.3,0.4,1.58042651564278,1.5329709716755893,1.6278820596099706,1.0,0.1,33.33333333333334,True,0.1,0.9,25.0,10000.0,0.938,0.139
compass.d.h+.case5.329,1 - 1 - 2103,301.03984399999996,1.3660254037844386,1.0,1.7320508075688772,0.016,0.012,0.02,0.35,0.3,0.4,1.6799664335894238,1.6278820596099706,1.7320508075688772,1.0,0.1,28.57142857142859,True,0.1,0.9,25.0,10000.0,0.938,0.139
compass.d.h+.case5.330,1 - 1 - 2103,301.03984399999996,1.3660254037844386,1.0,1.7320508075688772,0.016,0.012,0.02,0.47500000000000003,0.4,0.55,0.17071067811865476,0.1414213562373095,0.2,1.0,0.1,333.33333333333314,True,0.1,0.9,25.0,10000.0,0.938,0.139
compass.d.h+.case5.331,1 - 1 - 2103,301.03984399999996,1.3660254037844386,1.0,1.7320508075688772,0.016,0.012,0.02,0.47500000000000003,0.4,0.55,0.2224744871391589,0.2,0.2449489742783178,1.0,0.1,333.3333333333335,True,0.1,0.9,25.0,10000.0,0.938,0.139
compass.d.h+.case5.332,1 - 1 - 2103,301.03984399999996,1.3660254037844386,1.0,1.7320508075688772,0.016,0.012,0.02,0.47500000000000003,0.4,0.55,0.26389584337646843,0.2449489742783178,0.282842712474619,1.0,0.1,333.33333333333326,True,0.1,0.9,25.0,10000.0,0.938,0.139
compass.d.h+.case5.333,1 - 1 - 2103,301.03984399999996,1.3660254037844386,1.0,1.7320508075688772,0.016,0.012,0.02,0.47500000000000003,0.4,0.55,0.29953523924572845,0.282842712474619,0.31622776601683794,1.0,0.1,333.33333333333326,True,0.1,0.9,25.0,10000.0,0.938,0.139
compass.d.h+.case5.334,1 - 1 - 2103,301.03984399999996,1.3660254037844386,1.0,1.7320508075688772,0.016,0.012,0.02,0.47500000000000003,0.4,0.55,0.3313189637653067,0.31622776601683794,0.34641016151377546,1.0,0.1,333.3333333333335,True,0.1,0.9,25.0,10000.0,0.938,0.139
compass.d.h+.case5.335,1 - 1 - 2103,301.03984399999996,1.3660254037844386,1.0,1.7320508075688772,0.016,0.012,0.02,0.47500000000000003,0.4,0.55,0.3602879500955848,0.34641016151377546,0.37416573867739417,1.0,0.1,333.333333333333,True,0.1,0.9,25.0,10000.0,0.938,0.139
compass.d.h+.case5.336,1 - 1 - 2103,301.03984399999996,1.3660254037844386,1.0,1.7320508075688772,0.016,0.012,0.02,0.47500000000000003,0.4,0.55,0.3932381506195801,0.37416573867739417,0.41231056256176607,1.0,0.1,222.2222222222222,True,0.1,0.9,25.0,10000.0,0.938,0.139
compass.d.h+.case5.337,1 - 1 - 2103,301.03984399999996,1.3660254037844386,1.0,1.7320508075688772,0.016,0.012,0.02,0.47500000000000003,0.4,0.55,0.429762079030862,0.41231056256176607,0.4472135954999579,1.0,0.1,222.2222222222224,True,0.1,0.9,25.0,10000.0,0.938,0.139
compass.d.h+.case5.338,1 - 1 - 2103,301.03984399999996,1.3660254037844386,1.0,1.7320508075688772,0.016,0.012,0.02,0.47500000000000003,0.4,0.55,0.46339837391561495,0.4472135954999579,0.47958315233127197,1.0,0.1,222.22222222222203,True,0.1,0.9,25.0,10000.0,0.938,0.139
compass.d.h+.case5.339,1 - 1 - 2103,301.03984399999996,1.3660254037844386,1.0,1.7320508075688772,0.016,0.012,0.02,0.47500000000000003,0.4,0.55,0.4995991973009676,0.47958315233127197,0.5196152422706632,1.0,0.1,166.66666666666637,True,0.1,0.9,25.0,10000.0,0.938,0.139
compass.d.h+.case5.340,1 - 1 - 2103,301.03984399999996,1.3660254037844386,1.0,1.7320508075688772,0.016,0.012,0.02,0.47500000000000003,0.4,0.55,0.5336688998879147,0.5196152422706632,0.5477225575051661,1.0,0.1,222.22222222222325,True,0.1,0.9,25.0,10000.0,0.938,0.139
compass.d.h+.case5.341,1 - 1 - 2103,301.03984399999996,1.3660254037844386,1.0,1.7320508075688772,0.016,0.012,0.02,0.47500000000000003,0.4,0.55,0.5696652679075638,0.5477225575051661,0.5916079783099616,1.0,0.1,133.3333333333332,True,0.1,0.9,25.0,10000.0,0.938,0.139
compass.d.h+.case5.342,1 - 1 - 2103,301.03984399999996,1.3660254037844386,1.0,1.7320508075688772,0.016,0.012,0.02,0.47500000000000003,0.4,0.55,0.6120317551718187,0.5916079783099616,0.6324555320336759,1.0,0.1,133.3333333333332,True,0.1,0.9,25.0,10000.0,0.938,0.139
compass.d.h+.case5.343,1 - 1 - 2103,301.03984399999996,1.3660254037844386,1.0,1.7320508075688772,0.016,0.012,0.02,0.47500000000000003,0.4,0.55,0.6553442651731014,0.6324555320336759,0.6782329983125268,1.0,0.1,111.1111111111111,True,0.1,0.9,25.0,10000.0,0.938,0.139
compass.d.h+.case5.344,1 - 1 - 2103,301.03984399999996,1.3660254037844386,1.0,1.7320508075688772,0.016,0.012,0.02,0.47500000000000003,0.4,0.55,0.6996716267026624,0.6782329983125268,0.7211102550927979,1.0,0.1,111.11111111111089,True,0.1,0.9,25.0,10000.0,0.938,0.139
compass.d.h+.case5.345,1 - 1 - 2103,301.03984399999996,1.3660254037844386,1.0,1.7320508075688772,0.016,0.012,0.02,0.47500000000000003,0.4,0.55,0.7478534621671407,0.7211102550927979,0.7745966692414834,1.0,0.1,83.33333333333337,True,0.1,0.9,25.0,10000.0,0.938,0.139
compass.d.h+.case5.346,1 - 1 - 2103,301.03984399999996,1.3660254037844386,1.0,1.7320508075688772,0.016,0.012,0.02,0.47500000000000003,0.4,0.55,0.7996088971825077,0.7745966692414834,0.8246211251235321,1.0,0.1,83.33333333333337,True,0.1,0.9,25.0,10000.0,0.938,0.139
compass.d.h+.case5.347,1 - 1 - 2103,301.03984399999996,1.3660254037844386,1.0,1.7320508075688772,0.016,0.012,0.02,0.47500000000000003,0.4,0.55,0.8482004569158335,0.8246211251235321,0.8717797887081347,1.0,0.1,83.33333333333347,True,0.1,0.9,25.0,10000.0,0.938,0.139
compass.d.h+.case5.348,1 - 1 - 2103,301.03984399999996,1.3660254037844386,1.0,1.7320508075688772,0.016,0.012,0.02,0.47500000000000003,0.4,0.55,0.902258847008508,0.8717797887081347,0.9327379053088815,1.0,0.1,60.6060606060606,True,0.1,0.9,25.0,10000.0,0.938,0.139
compass.d.h+.case5.349,1 - 1 - 2103,301.03984399999996,1.3660254037844386,1.0,1.7320508075688772,0.016,0.012,0.02,0.47500000000000003,0.4,0.55,0.9663689526544408,0.9327379053088815,1.0,1.0,0.1,51.28205128205123,True,0.1,0.9,25.0,10000.0,0.938,0.139
compass.d.h+.case5.350,1 - 1 - 2103,301.03984399999996,1.3660254037844386,1.0,1.7320508075688772,0.016,0.012,0.02,0.47500000000000003,0.4,0.55,1.029150262212918,1.0,1.0583005244258363,1.0,0.1,55.55555555555551,True,0.1,0.9,25.0,10000.0,0.938,0.139
compass.d.h+.case5.351,1 - 1 - 2103,301.03984399999996,1.3660254037844386,1.0,1.7320508075688772,0.016,0.012,0.02,0.47500000000000003,0.4,0.55,1.0859266984959204,1.0583005244258363,1.1135528725660044,1.0,0.1,55.55555555555551,True,0.1,0.9,25.0,10000.0,0.938,0.139
compass.d.h+.case5.352,1 - 1 - 2103,301.03984399999996,1.3660254037844386,1.0,1.7320508075688772,0.016,0.012,0.02,0.47500000000000003,0.4,0.55,1.1441434425065387,1.1135528725660044,1.174734012447073,1.0,0.1,47.61904761904764,True,0.1,0.9,25.0,10000.0,0.938,0.139
compass.d.h+.case5.353,1 - 1 - 2103,301.03984399999996,1.3660254037844386,1.0,1.7320508075688772,0.016,0.012,0.02,0.47500000000000003,0.4,0.55,1.2038084065204342,1.174734012447073,1.2328828005937953,1.0,0.1,47.61904761904764,True,0.1,0.9,25.0,10000.0,0.938,0.139
compass.d.h+.case5.354,1 - 1 - 2103,301.03984399999996,1.3660254037844386,1.0,1.7320508075688772,0.016,0.012,0.02,0.47500000000000003,0.4,0.55,1.2645154701376837,1.2328828005937953,1.296148139681572,1.0,0.1,41.666666666666735,True,0.1,0.9,25.0,10000.0,0.938,0.139
compass.d.h+.case5.355,1 - 1 - 2103,301.03984399999996,1.3660254037844386,1.0,1.7320508075688772,0.016,0.012,0.02,0.47500000000000003,0.4,0.55,1.328147595277558,1.296148139681572,1.3601470508735443,1.0,0.1,39.215686274509764,True,0.1,0.9,25.0,10000.0,0.938,0.139
compass.d.h+.case5.356,1 - 1 - 2103,301.03984399999996,1.3660254037844386,1.0,1.7320508075688772,0.016,0.012,0.02,0.47500000000000003,0.4,0.55,1.3959645786005899,1.3601470508735443,1.4317821063276353,1.0,0.1,33.333333333333336,True,0.1,0.9,25.0,10000.0,0.938,0.139
compass.d.h+.case5.357,1 - 1 - 2103,301.03984399999996,1.3660254037844386,1.0,1.7320508075688772,0.016,0.012,0.02,0.47500000000000003,0.4,0.55,1.4823765390016121,1.4317821063276353,1.5329709716755893,1.0,0.1,22.2222222222222,True,0.1,0.9,25.0,10000.0,0.938,0.139
compass.d.h+.case5.358,1 - 1 - 2103,301.03984399999996,1.3660254037844386,1.0,1.7320508075688772,0.016,0.012,0.02,0.47500000000000003,0.4,0.55,1.58042651564278,1.5329709716755893,1.6278820596099706,1.0,0.1,22.222222222222232,True,0.1,0.9,25.0,10000.0,0.938,0.139
compass.d.h+.case5.359,1 - 1 - 2103,301.03984399999996,1.3660254037844386,1.0,1.7320508075688772,0.016,0.012,0.02,0.47500000000000003,0.4,0.55,1.6799664335894238,1.6278820596099706,1.7320508075688772,1.0,0.1,19.04761904761906,True,0.1,0.9,25.0,10000.0,0.938,0.139
compass.d.h+.case5.360,1 - 1 - 2103,301.03984399999996,1.3660254037844386,1.0,1.7320508075688772,0.016,0.012,0.02,0.625,0.55,0.7,0.17071067811865476,0.1414213562373095,0.2,1.0,0.1,333.33333333333337,True,0.1,0.9,25.0,10000.0,0.938,0.139
compass.d.h+.case5.361,1 - 1 - 2103,301.03984399999996,1.3660254037844386,1.0,1.7320508075688772,0.016,0.012,0.02,0.625,0.55,0.7,0.2224744871391589,0.2,0.2449489742783178,1.0,0.1,333.3333333333337,True,0.1,0.9,25.0,10000.0,0.938,0.139
compass.d.h+.case5.362,1 - 1 - 2103,301.03984399999996,1.3660254037844386,1.0,1.7320508075688772,0.016,0.012,0.02,0.625,0.55,0.7,0.26389584337646843,0.2449489742783178,0.282842712474619,1.0,0.1,333.3333333333335,True,0.1,0.9,25.0,10000.0,0.938,0.139
compass.d.h+.case5.363,1 - 1 - 2103,301.03984399999996,1.3660254037844386,1.0,1.7320508075688772,0.016,0.012,0.02,0.625,0.55,0.7,0.29953523924572845,0.282842712474619,0.31622776601683794,1.0,0.1,333.3333333333335,True,0.1,0.9,25.0,10000.0,0.938,0.139
compass.d.h+.case5.364,1 - 1 - 2103,301.03984399999996,1.3660254037844386,1.0,1.7320508075688772,0.016,0.012,0.02,0.625,0.55,0.7,0.3313189637653067,0.31622776601683794,0.34641016151377546,1.0,0.1,333.3333333333337,True,0.1,0.9,25.0,10000.0,0.938,0.139
compass.d.h+.case5.365,1 - 1 - 2103,301.03984399999996,1.3660254037844386,1.0,1.7320508075688772,0.016,0.012,0.02,0.625,0.55,0.7,0.3602879500955848,0.34641016151377546,0.37416573867739417,1.0,0.1,333.33333333333326,True,0.1,0.9,25.0,10000.0,0.938,0.139
compass.d.h+.case5.366,1 - 1 - 2103,301.03984399999996,1.3660254037844386,1.0,1.7320508075688772,0.016,0.012,0.02,0.625,0.55,0.7,0.3932381506195801,0.37416573867739417,0.41231056256176607,1.0,0.1,222.22222222222237,True,0.1,0.9,25.0,10000.0,0.938,0.139
compass.d.h+.case5.367,1 - 1 - 2103,301.03984399999996,1.3660254037844386,1.0,1.7320508075688772,0.016,0.012,0.02,0.625,0.55,0.7,0.429762079030862,0.41231056256176607,0.4472135954999579,1.0,0.1,222.22222222222257,True,0.1,0.9,25.0,10000.0,0.938,0.139
compass.d.h+.case5.368,1 - 1 - 2103,301.03984399999996,1.3660254037844386,1.0,1.7320508075688772,0.016,0.012,0.02,0.625,0.55,0.7,0.46339837391561495,0.4472135954999579,0.47958315233127197,1.0,0.1,222.22222222222217,True,0.1,0.9,25.0,10000.0,0.938,0.139
compass.d.h+.case5.369,1 - 1 - 2103,301.03984399999996,1.3660254037844386,1.0,1.7320508075688772,0.016,0.012,0.02,0.625,0.55,0.7,0.4995991973009676,0.47958315233127197,0.5196152422706632,1.0,0.1,166.66666666666652,True,0.1,0.9,25.0,10000.0,0.938,0.139
compass.d.h+.case5.370,1 - 1 - 2103,301.03984399999996,1.3660254037844386,1.0,1.7320508075688772,0.016,0.012,0.02,0.625,0.55,0.7,0.5336688998879147,0.5196152422706632,0.5477225575051661,1.0,0.1,222.22222222222342,True,0.1,0.9,25.0,10000.0,0.938,0.139
compass.d.h+.case5.371,1 - 1 - 2103,301.03984399999996,1.3660254037844386,1.0,1.7320508075688772,0.016,0.012,0.02,0.625,0.55,0.7,0.5696652679075638,0.5477225575051661,0.5916079783099616,1.0,0.1,133.3333333333333,True,0.1,0.9,25.0,10000.0,0.938,0.139
compass.d.h+.case5.372,1 - 1 - 2103,301.03984399999996,1.3660254037844386,1.0,1.7320508075688772,0.016,0.012,0.02,0.625,0.55,0.7,0.6120317551718187,0.5916079783099616,0.6324555320336759,1.0,0.1,133.3333333333333,True,0.1,0.9,25.0,10000.0,0.938,0.139
compass.d.h+.case5.373,1 - 1 - 2103,301.03984399999996,1.3660254037844386,1.0,1.7320508075688772,0.016,0.012,0.02,0.625,0.55,0.7,0.6553442651731014,0.6324555320336759,0.6782329983125268,1.0,0.1,111.11111111111119,True,0.1,0.9,25.0,10000.0,0.938,0.139
compass.d.h+.case5.374,1 - 1 - 2103,301.03984399999996,1.3660254037844386,1.0,1.7320508075688772,0.016,0.012,0.02,0.625,0.55,0.7,0.6996716267026624,0.6782329983125268,0.7211102550927979,1.0,0.1,111.11111111111097,True,0.1,0.9,25.0,10000.0,0.938,0.139
compass.d.h+.case5.375,1 - 1 - 2103,301.03984399999996,1.3660254037844386,1.0,1.7320508075688772,0.016,0.012,0.02,0.625,0.55,0.7,0.7478534621671407,0.7211102550927979,0.7745966692414834,1.0,0.1,83.33333333333343,True,0.1,0.9,25.0,10000.0,0.938,0.139
compass.d.h+.case5.376,1 - 1 - 2103,301.03984399999996,1.3660254037844386,1.0,1.7320508075688772,0.016,0.012,0.02,0.625,0.55,0.7,0.7996088971825077,0.7745966692414834,0.8246211251235321,1.0,0.1,83.33333333333343,True,0.1,0.9,25.0,10000.0,0.938,0.139
compass.d.h+.case5.377,1 - 1 - 2103,301.03984399999996,1.3660254037844386,1.0,1.7320508075688772,0.016,0.012,0.02,0.625,0.55,0.7,0.8482004569158335,0.8246211251235321,0.8717797887081347,1.0,0.1,83.33333333333354,True,0.1,0.9,25.0,10000.0,0.938,0.139
compass.d.h+.case5.378,1 - 1 - 2103,301.03984399999996,1.3660254037844386,1.0,1.7320508075688772,0.016,0.012,0.02,0.625,0.55,0.7,0.902258847008508,0.8717797887081347,0.9327379053088815,1.0,0.1,60.606060606060645,True,0.1,0.9,25.0,10000.0,0.938,0.139
compass.d.h+.case5.379,1 - 1 - 2103,301.03984399999996,1.3660254037844386,1.0,1.7320508075688772,0.016,0.012,0.02,0.625,0.55,0.7,0.9663689526544408,0.9327379053088815,1.0,1.0,0.1,51.28205128205126,True,0.1,0.9,25.0,10000.0,0.938,0.139
compass.d.h+.case5.380,1 - 1 - 2103,301.03984399999996,1.3660254037844386,1.0,1.7320508075688772,0.016,0.012,0.02,0.625,0.55,0.7,1.029150262212918,1.0,1.0583005244258363,1.0,0.1,55.55555555555554,True,0.1,0.9,25.0,10000.0,0.938,0.139
compass.d.h+.case5.381,1 - 1 - 2103,301.03984399999996,1.3660254037844386,1.0,1.7320508075688772,0.016,0.012,0.02,0.625,0.55,0.7,1.0859266984959204,1.0583005244258363,1.1135528725660044,1.0,0.1,55.55555555555554,True,0.1,0.9,25.0,10000.0,0.938,0.139
compass.d.h+.case5.382,1 - 1 - 2103,301.03984399999996,1.3660254037844386,1.0,1.7320508075688772,0.016,0.012,0.02,0.625,0.55,0.7,1.1441434425065387,1.1135528725660044,1.174734012447073,1.0,0.1,47.61904761904768,True,0.1,0.9,25.0,10000.0,0.938,0.139
compass.d.h+.case5.383,1 - 1 - 2103,301.03984399999996,1.3660254037844386,1.0,1.7320508075688772,0.016,0.012,0.02,0.625,0.55,0.7,1.2038084065204342,1.174734012447073,1.2328828005937953,1.0,0.1,47.61904761904768,True,0.1,0.9,25.0,10000.0,0.938,0.139
compass.d.h+.case5.384,1 - 1 - 2103,301.03984399999996,1.3660254037844386,1.0,1.7320508075688772,0.016,0.012,0.02,0.625,0.55,0.7,1.2645154701376837,1.2328828005937953,1.296148139681572,1.0,0.1,41.66666666666677,True,0.1,0.9,25.0,10000.0,0.938,0.139
compass.d.h+.case5.385,1 - 1 - 2103,301.03984399999996,1.3660254037844386,1.0,1.7320508075688772,0.016,0.012,0.02,0.625,0.55,0.7,1.328147595277558,1.296148139681572,1.3601470508735443,1.0,0.1,39.21568627450979,True,0.1,0.9,25.0,10000.0,0.938,0.139
compass.d.h+.case5.386,1 - 1 - 2103,301.03984399999996,1.3660254037844386,1.0,1.7320508075688772,0.016,0.012,0.02,0.625,0.55,0.7,1.3959645786005899,1.3601470508735443,1.4317821063276353,1.0,0.1,33.33333333333336,True,0.1,0.9,25.0,10000.0,0.938,0.139
compass.d.h+.case5.387,1 - 1 - 2103,301.03984399999996,1.3660254037844386,1.0,1.7320508075688772,0.016,0.012,0.02,0.625,0.55,0.7,1.4823765390016121,1.4317821063276353,1.5329709716755893,1.0,0.1,22.222222222222214,True,0.1,0.9,25.0,10000.0,0.938,0.139
compass.d.h+.case5.388,1 - 1 - 2103,301.03984399999996,1.3660254037844386,1.0,1.7320508075688772,0.016,0.012,0.02,0.625,0.55,0.7,1.58042651564278,1.5329709716755893,1.6278820596099706,1.0,0.1,22.22222222222225,True,0.1,0.9,25.0,10000.0,0.938,0.139
compass.d.h+.case5.389,1 - 1 - 2103,301.03984399999996,1.3660254037844386,1.0,1.7320508075688772,0.016,0.012,0.02,0.625,0.55,0.7,1.6799664335894238,1.6278820596099706,1.7320508075688772,1.0,0.1,19.047619047619076,True,0.1,0.9,25.0,10000.0,0.938,0.139
compass.d.h+.case5.390,1 - 1 - 2103,301.03984399999996,1.3660254037844386,1.0,1.7320508075688772,0.016,0.012,0.02,0.7749999999999999,0.7,0.85,0.17071067811865476,0.1414213562373095,0.2,1.0,0.1,333.33333333333314,True,0.1,0.9,25.0,10000.0,0.938,0.139
compass.d.h+.case5.391,1 - 1 - 2103,301.03984399999996,1.3660254037844386,1.0,1.7320508075688772,0.016,0.012,0.02,0.7749999999999999,0.7,0.85,0.2224744871391589,0.2,0.2449489742783178,1.0,0.1,333.3333333333335,True,0.1,0.9,25.0,10000.0,0.938,0.139
compass.d.h+.case5.392,1 - 1 - 2103,301.03984399999996,1.3660254037844386,1.0,1.7320508075688772,0.016,0.012,0.02,0.7749999999999999,0.7,0.85,0.26389584337646843,0.2449489742783178,0.282842712474619,1.0,0.1,333.33333333333326,True,0.1,0.9,25.0,10000.0,0.938,0.139
compass.d.h+.case5.393,1 - 1 - 2103,301.03984399999996,1.3660254037844386,1.0,1.7320508075688772,0.016,0.012,0.02,0.7749999999999999,0.7,0.85,0.29953523924572845,0.282842712474619,0.31622776601683794,1.0,0.1,333.33333333333326,True,0.1,0.9,25.0,10000.0,0.938,0.139
compass.d.h+.case5.394,1 - 1 - 2103,301.03984399999996,1.3660254037844386,1.0,1.7320508075688772,0.016,0.012,0.02,0.7749999999999999,0.7,0.85,0.3313189637653067,0.31622776601683794,0.34641016151377546,1.0,0.1,333.3333333333335,True,0.1,0.9,25.0,10000.0,0.938,0.139
compass.d.h+.case5.395,1 - 1 - 2103,301.03984399999996,1.3660254037844386,1.0,1.7320508075688772,0.016,0.012,0.02,0.7749999999999999,0.7,0.85,0.3602879500955848,0.34641016151377546,0.37416573867739417,1.0,0.1,333.333333333333,True,0.1,0.9,25.0,10000.0,0.938,0.139
compass.d.h+.case5.396,1 - 1 - 2103,301.03984399999996,1.3660254037844386,1.0,1.7320508075688772,0.016,0.012,0.02,0.7749999999999999,0.7,0.85,0.3932381506195801,0.37416573867739417,0.41231056256176607,1.0,0.1,222.2222222222222,True,0.1,0.9,25.0,10000.0,0.938,0.139
compass.d.h+.case5.397,1 - 1 - 2103,301.03984399999996,1.3660254037844386,1.0,1.7320508075688772,0.016,0.012,0.02,0.7749999999999999,0.7,0.85,0.429762079030862,0.41231056256176607,0.4472135954999579,1.0,0.1,222.2222222222224,True,0.1,0.9,25.0,10000.0,0.938,0.139
compass.d.h+.case5.398,1 - 1 - 2103,301.03984399999996,1.3660254037844386,1.0,1.7320508075688772,0.016,0.012,0.02,0.7749999999999999,0.7,0.85,0.46339837391561495,0.4472135954999579,0.47958315233127197,1.0,0.1,222.22222222222203,True,0.1,0.9,25.0,10000.0,0.938,0.139
compass.d.h+.case5.399,1 - 1 - 2103,301.03984399999996,1.3660254037844386,1.0,1.7320508075688772,0.016,0.012,0.02,0.7749999999999999,0.7,0.85,0.4995991973009676,0.47958315233127197,0.5196152422706632,1.0,0.1,166.66666666666637,True,0.1,0.9,25.0,10000.0,0.938,0.139
compass.d.h+.case5.400,1 - 1 - 2103,301.03984399999996,1.3660254037844386,1.0,1.7320508075688772,0.016,0.012,0.02,0.7749999999999999,0.7,0.85,0.5336688998879147,0.5196152422706632,0.5477225575051661,1.0,0.1,222.22222222222325,True,0.1,0.9,25.0,10000.0,0.938,0.139
compass.d.h+.case5.401,1 - 1 - 2103,301.03984399999996,1.3660254037844386,1.0,1.7320508075688772,0.016,0.012,0.02,0.7749999999999999,0.7,0.85,0.5696652679075638,0.5477225575051661,0.5916079783099616,1.0,0.1,133.3333333333332,True,0.1,0.9,25.0,10000.0,0.938,0.139
compass.d.h+.case5.402,1 - 1 - 2103,301.03984399999996,1.3660254037844386,1.0,1.7320508075688772,0.016,0.012,0.02,0.7749999999999999,0.7,0.85,0.6120317551718187,0.5916079783099616,0.6324555320336759,1.0,0.1,133.3333333333332,True,0.1,0.9,25.0,10000.0,0.938,0.139
compass.d.h+.case5.403,1 - 1 - 2103,301.03984399999996,1.3660254037844386,1.0,1.7320508075688772,0.016,0.012,0.02,0.7749999999999999,0.7,0.85,0.6553442651731014,0.6324555320336759,0.6782329983125268,1.0,0.1,111.1111111111111,True,0.1,0.9,25.0,10000.0,0.938,0.139
compass.d.h+.case5.404,1 - 1 - 2103,301.03984399999996,1.3660254037844386,1.0,1.7320508075688772,0.016,0.012,0.02,0.7749999999999999,0.7,0.85,0.6996716267026624,0.6782329983125268,0.7211102550927979,1.0,0.1,111.11111111111089,True,0.1,0.9,25.0,10000.0,0.938,0.139
compass.d.h+.case5.405,1 - 1 - 2103,301.03984399999996,1.3660254037844386,1.0,1.7320508075688772,0.016,0.012,0.02,0.7749999999999999,0.7,0.85,0.7478534621671407,0.7211102550927979,0.7745966692414834,1.0,0.1,83.33333333333337,True,0.1,0.9,25.0,10000.0,0.938,0.139
compass.d.h+.case5.406,1 - 1 - 2103,301.03984399999996,1.3660254037844386,1.0,1.7320508075688772,0.016,0.012,0.02,0.7749999999999999,0.7,0.85,0.7996088971825077,0.7745966692414834,0.8246211251235321,1.0,0.1,83.33333333333337,True,0.1,0.9,25.0,10000.0,0.938,0.139
compass.d.h+.case5.407,1 - 1 - 2103,301.03984399999996,1.3660254037844386,1.0,1.7320508075688772,0.016,0.012,0.02,0.7749999999999999,0.7,0.85,0.8482004569158335,0.8246211251235321,0.8717797887081347,1.0,0.1,83.33333333333347,True,0.1,0.9,25.0,10000.0,0.938,0.139
compass.d.h+.case5.408,1 - 1 - 2103,301.03984399999996,1.3660254037844386,1.0,1.7320508075688772,0.016,0.012,0.02,0.7749999999999999,0.7,0.85,0.902258847008508,0.8717797887081347,0.9327379053088815,1.0,0.1,60.6060606060606,True,0.1,0.9,25.0,10000.0,0.938,0.139
compass.d.h+.case5.409,1 - 1 - 2103,301.03984399999996,1.3660254037844386,1.0,1.7320508075688772,0.016,0.012,0.02,0.7749999999999999,0.7,0.85,0.9663689526544408,0.9327379053088815,1.0,1.0,0.1,51.28205128205123,True,0.1,0.9,25.0,10000.0,0.938,0.139
compass.d.h+.case5.410,1 - 1 - 2103,301.03984399999996,1.3660254037844386,1.0,1.7320508075688772,0.016,0.012,0.02,0.7749999999999999,0.7,0.85,1.029150262212918,1.0,1.0583005244258363,1.0,0.1,55.55555555555551,True,0.1,0.9,25.0,10000.0,0.938,0.139
compass.d.h+.case5.411,1 - 1 - 2103,301.03984399999996,1.3660254037844386,1.0,1.7320508075688772,0.016,0.012,0.02,0.7749999999999999,0.7,0.85,1.0859266984959204,1.0583005244258363,1.1135528725660044,1.0,0.1,55.55555555555551,True,0.1,0.9,25.0,10000.0,0.938,0.139
compass.d.h+.case5.412,1 - 1 - 2103,301.03984399999996,1.3660254037844386,1.0,1.7320508075688772,0.016,0.012,0.02,0.7749999999999999,0.7,0.85,1.1441434425065387,1.1135528725660044,1.174734012447073,1.0,0.1,47.61904761904764,True,0.1,0.9,25.0,10000.0,0.938,0.139
compass.d.h+.case5.413,1 - 1 - 2103,301.03984399999996,1.3660254037844386,1.0,1.7320508075688772,0.016,0.012,0.02,0.7749999999999999,0.7,0.85,1.2038084065204342,1.174734012447073,1.2328828005937953,1.0,0.1,47.61904761904764,True,0.1,0.9,25.0,10000.0,0.938,0.139
compass.d.h+.case5.414,1 - 1 - 2103,301.03984399999996,1.3660254037844386,1.0,1.7320508075688772,0.016,0.012,0.02,0.7749999999999999,0.7,0.85,1.2645154701376837,1.2328828005937953,1.296148139681572,1.0,0.1,41.666666666666735,True,0.1,0.9,25.0,10000.0,0.938,0.139
compass.d.h+.case5.415,1 - 1 - 2103,301.03984399999996,1.3660254037844386,1.0,1.7320508075688772,0.016,0.012,0.02,0.7749999999999999,0.7,0.85,1.328147595277558,1.296148139681572,1.3601470508735443,1.0,0.1,39.215686274509764,True,0.1,0.9,25.0,10000.0,0.938,0.139
compass.d.h+.case5.416,1 - 1 - 2103,301.03984399999996,1.3660254037844386,1.0,1.7320508075688772,0.016,0.012,0.02,0.7749999999999999,0.7,0.85,1.3959645786005899,1.3601470508735443,1.4317821063276353,1.0,0.1,33.333333333333336,True,0.1,0.9,25.0,10000.0,0.938,0.139
compass.d.h+.case5.417,1 - 1 - 2103,301.03984399999996,1.3660254037844386,1.0,1.7320508075688772,0.016,0.012,0.02,0.7749999999999999,0.7,0.85,1.4823765390016121,1.4317821063276353,1.5329709716755893,1.0,0.1,22.2222222222222,True,0.1,0.9,25.0,10000.0,0.938,0.139
compass.d.h+.case5.418,1 - 1 - 2103,301.03984399999996,1.3660254037844386,1.0,1.7320508075688772,0.016,0.012,0.02,0.7749999999999999,0.7,0.85,1.58042651564278,1.5329709716755893,1.6278820596099706,1.0,0.1,22.222222222222232,True,0.1,0.9,25.0,10000.0,0.938,0.139
compass.d.h+.case5.419,1 - 1 - 2103,301.03984399999996,1.3660254037844386,1.0,1.7320508075688772,0.016,0.012,0.02,0.7749999999999999,0.7,0.85,1.6799664335894238,1.6278820596099706,1.7320508075688772,1.0,0.1,19.04761904761906,True,0.1,0.9,25.0,10000.0,0.938,0.139
compass.d.h+.case5.420,1 - 1 - 2103,301.03984399999996,1.3660254037844386,1.0,1.7320508075688772,0.028999999999999998,0.02,0.038,0.15000000000000002,0.1,0.2,0.17071067811865476,0.1414213562373095,0.2,1.0,0.1,499.9999999999998,True,0.1,0.9,25.0,10000.0,0.938,0.139
compass.d.h+.case5.421,1 - 1 - 2103,301.03984399999996,1.3660254037844386,1.0,1.7320508075688772,0.028999999999999998,0.02,0.038,0.15000000000000002,0.1,0.2,0.2224744871391589,0.2,0.2449489742783178,1.0,0.1,500.0000000000003,True,0.1,0.9,25.0,10000.0,0.938,0.139
compass.d.h+.case5.422,1 - 1 - 2103,301.03984399999996,1.3660254037844386,1.0,1.7320508075688772,0.028999999999999998,0.02,0.038,0.15000000000000002,0.1,0.2,0.26389584337646843,0.2449489742783178,0.282842712474619,1.0,0.1,499.9999999999999,True,0.1,0.9,25.0,10000.0,0.938,0.139
compass.d.h+.case5.423,1 - 1 - 2103,301.03984399999996,1.3660254037844386,1.0,1.7320508075688772,0.028999999999999998,0.02,0.038,0.15000000000000002,0.1,0.2,0.29953523924572845,0.282842712474619,0.31622776601683794,1.0,0.1,499.9999999999999,True,0.1,0.9,25.0,10000.0,0.938,0.139
compass.d.h+.case5.424,1 - 1 - 2103,301.03984399999996,1.3660254037844386,1.0,1.7320508075688772,0.028999999999999998,0.02,0.038,0.15000000000000002,0.1,0.2,0.3313189637653067,0.31622776601683794,0.34641016151377546,1.0,0.1,500.0000000000003,True,0.1,0.9,25.0,10000.0,0.938,0.139
compass.d.h+.case5.425,1 - 1 - 2103,301.03984399999996,1.3660254037844386,1.0,1.7320508075688772,0.028999999999999998,0.02,0.038,0.15000000000000002,0.1,0.2,0.3602879500955848,0.34641016151377546,0.37416573867739417,1.0,0.1,499.99999999999955,True,0.1,0.9,25.0,10000.0,0.938,0.139
compass.d.h+.case5.426,1 - 1 - 2103,301.03984399999996,1.3660254037844386,1.0,1.7320508075688772,0.028999999999999998,0.02,0.038,0.15000000000000002,0.1,0.2,0.3932381506195801,0.37416573867739417,0.41231056256176607,1.0,0.1,333.3333333333333,True,0.1,0.9,25.0,10000.0,0.938,0.139
compass.d.h+.case5.427,1 - 1 - 2103,301.03984399999996,1.3660254037844386,1.0,1.7320508075688772,0.028999999999999998,0.02,0.038,0.15000000000000002,0.1,0.2,0.429762079030862,0.41231056256176607,0.4472135954999579,1.0,0.1,333.3333333333336,True,0.1,0.9,25.0,10000.0,0.938,0.139
compass.d.h+.case5.428,1 - 1 - 2103,301.03984399999996,1.3660254037844386,1.0,1.7320508075688772,0.028999999999999998,0.02,0.038,0.15000000000000002,0.1,0.2,0.46339837391561495,0.4472135954999579,0.47958315233127197,1.0,0.1,333.33333333333303,True,0.1,0.9,25.0,10000.0,0.938,0.139
compass.d.h+.case5.429,1 - 1 - 2103,301.03984399999996,1.3660254037844386,1.0,1.7320508075688772,0.028999999999999998,0.02,0.038,0.15000000000000002,0.1,0.2,0.4995991973009676,0.47958315233127197,0.5196152422706632,1.0,0.1,249.9999999999996,True,0.1,0.9,25.0,10000.0,0.938,0.139
compass.d.h+.case5.430,1 - 1 - 2103,301.03984399999996,1.3660254037844386,1.0,1.7320508075688772,0.028999999999999998,0.02,0.038,0.15000000000000002,0.1,0.2,0.5336688998879147,0.5196152422706632,0.5477225575051661,1.0,0.1,333.3333333333349,True,0.1,0.9,25.0,10000.0,0.938,0.139
compass.d.h+.case5.431,1 - 1 - 2103,301.03984399999996,1.3660254037844386,1.0,1.7320508075688772,0.028999999999999998,0.02,0.038,0.15000000000000002,0.1,0.2,0.5696652679075638,0.5477225575051661,0.5916079783099616,1.0,0.1,199.9999999999998,True,0.1,0.9,25.0,10000.0,0.938,0.139
compass.d.h+.case5.432,1 - 1 - 2103,301.03984399999996,1.3660254037844386,1.0,1.7320508075688772,0.028999999999999998,0.02,0.038,0.15000000000000002,0.1,0.2,0.6120317551718187,0.5916079783099616,0.6324555320336759,1.0,0.1,199.9999999999998,True,0.1,0.9,25.0,10000.0,0.938,0.139
compass.d.h+.case5.433,1 - 1 - 2103,301.03984399999996,1.3660254037844386,1.0,1.7320508075688772,0.028999999999999998,0.02,0.038,0.15000000000000002,0.1,0.2,0.6553442651731014,0.6324555320336759,0.6782329983125268,1.0,0.1,166.66666666666666,True,0.1,0.9,25.0,10000.0,0.938,0.139
compass.d.h+.case5.434,1 - 1 - 2103,301.03984399999996,1.3660254037844386,1.0,1.7320508075688772,0.028999999999999998,0.02,0.038,0.15000000000000002,0.1,0.2,0.6996716267026624,0.6782329983125268,0.7211102550927979,1.0,0.1,166.66666666666634,True,0.1,0.9,25.0,10000.0,0.938,0.139
compass.d.h+.case5.435,1 - 1 - 2103,301.03984399999996,1.3660254037844386,1.0,1.7320508075688772,0.028999999999999998,0.02,0.038,0.15000000000000002,0.1,0.2,0.7478534621671407,0.7211102550927979,0.7745966692414834,1.0,0.1,125.00000000000007,True,0.1,0.9,25.0,10000.0,0.938,0.139
compass.d.h+.case5.436,1 - 1 - 2103,301.03984399999996,1.3660254037844386,1.0,1.7320508075688772,0.028999999999999998,0.02,0.038,0.15000000000000002,0.1,0.2,0.7996088971825077,0.7745966692414834,0.8246211251235321,1.0,0.1,125.00000000000007,True,0.1,0.9,25.0,10000.0,0.938,0.139
compass.d.h+.case5.437,1 - 1 - 2103,301.03984399999996,1.3660254037844386,1.0,1.7320508075688772,0.028999999999999998,0.02,0.038,0.15000000000000002,0.1,0.2,0.8482004569158335,0.8246211251235321,0.8717797887081347,1.0,0.1,125.00000000000023,True,0.1,0.9,25.0,10000.0,0.938,0.139
compass.d.h+.case5.438,1 - 1 - 2103,301.03984399999996,1.3660254037844386,1.0,1.7320508075688772,0.028999999999999998,0.02,0.038,0.15000000000000002,0.1,0.2,0.902258847008508,0.8717797887081347,0.9327379053088815,1.0,0.1,90.9090909090909,True,0.1,0.9,25.0,10000.0,0.938,0.139
compass.d.h+.case5.439,1 - 1 - 2103,301.03984399999996,1.3660254037844386,1.0,1.7320508075688772,0.028999999999999998,0.02,0.038,0.15000000000000002,0.1,0.2,0.9663689526544408,0.9327379053088815,1.0,1.0,0.1,76.92307692307685,True,0.1,0.9,25.0,10000.0,0.938,0.139
compass.d.h+.case5.440,1 - 1 - 2103,301.03984399999996,1.3660254037844386,1.0,1.7320508075688772,0.028999999999999998,0.02,0.038,0.15000000000000002,0.1,0.2,1.029150262212918,1.0,1.0583005244258363,1.0,0.1,83.33333333333326,True,0.1,0.9,25.0,10000.0,0.938,0.139
compass.d.h+.case5.441,1 - 1 - 2103,301.03984399999996,1.3660254037844386,1.0,1.7320508075688772,0.028999999999999998,0.02,0.038,0.15000000000000002,0.1,0.2,1.0859266984959204,1.0583005244258363,1.1135528725660044,1.0,0.1,83.33333333333326,True,0.1,0.9,25.0,10000.0,0.938,0.139
compass.d.h+.case5.442,1 - 1 - 2103,301.03984399999996,1.3660254037844386,1.0,1.7320508075688772,0.028999999999999998,0.02,0.038,0.15000000000000002,0.1,0.2,1.1441434425065387,1.1135528725660044,1.174734012447073,1.0,0.1,71.42857142857147,True,0.1,0.9,25.0,10000.0,0.938,0.139
compass.d.h+.case5.443,1 - 1 - 2103,301.03984399999996,1.3660254037844386,1.0,1.7320508075688772,0.028999999999999998,0.02,0.038,0.15000000000000002,0.1,0.2,1.2038084065204342,1.174734012447073,1.2328828005937953,1.0,0.1,71.42857142857147,True,0.1,0.9,25.0,10000.0,0.938,0.139
compass.d.h+.case5.444,1 - 1 - 2103,301.03984399999996,1.3660254037844386,1.0,1.7320508075688772,0.028999999999999998,0.02,0.038,0.15000000000000002,0.1,0.2,1.2645154701376837,1.2328828005937953,1.296148139681572,1.0,0.1,62.500000000000114,True,0.1,0.9,25.0,10000.0,0.938,0.139
compass.d.h+.case5.445,1 - 1 - 2103,301.03984399999996,1.3660254037844386,1.0,1.7320508075688772,0.028999999999999998,0.02,0.038,0.15000000000000002,0.1,0.2,1.328147595277558,1.296148139681572,1.3601470508735443,1.0,0.1,58.82352941176465,True,0.1,0.9,25.0,10000.0,0.938,0.139
compass.d.h+.case5.446,1 - 1 - 2103,301.03984399999996,1.3660254037844386,1.0,1.7320508075688772,0.028999999999999998,0.02,0.038,0.15000000000000002,0.1,0.2,1.3959645786005899,1.3601470508735443,1.4317821063276353,1.0,0.1,50.00000000000001,True,0.1,0.9,25.0,10000.0,0.938,0.139
compass.d.h+.case5.447,1 - 1 - 2103,301.03984399999996,1.3660254037844386,1.0,1.7320508075688772,0.028999999999999998,0.02,0.038,0.15000000000000002,0.1,0.2,1.4823765390016121,1.4317821063276353,1.5329709716755893,1.0,0.1,33.3333333333333,True,0.1,0.9,25.0,10000.0,0.938,0.139
compass.d.h+.case5.448,1 - 1 - 2103,301.03984399999996,1.3660254037844386,1.0,1.7320508075688772,0.028999999999999998,0.02,0.038,0.15000000000000002,0.1,0.2,1.58042651564278,1.5329709716755893,1.6278820596099706,1.0,0.1,33.33333333333335,True,0.1,0.9,25.0,10000.0,0.938,0.139
compass.d.h+.case5.449,1 - 1 - 2103,301.03984399999996,1.3660254037844386,1.0,1.7320508075688772,0.028999999999999998,0.02,0.038,0.15000000000000002,0.1,0.2,1.6799664335894238,1.6278820596099706,1.7320508075688772,1.0,0.1,28.571428571428598,True,0.1,0.9,25.0,10000.0,0.938,0.139
compass.d.h+.case5.450,1 - 1 - 2103,301.03984399999996,1.3660254037844386,1.0,1.7320508075688772,0.028999999999999998,0.02,0.038,0.225,0.2,0.25,0.17071067811865476,0.1414213562373095,0.2,1.0,0.1,999.9999999999998,True,0.1,0.9,25.0,10000.0,0.938,0.139
compass.d.h+.case5.451,1 - 1 - 2103,301.03984399999996,1.3660254037844386,1.0,1.7320508075688772,0.028999999999999998,0.02,0.038,0.225,0.2,0.25,0.2224744871391589,0.2,0.2449489742783178,1.0,0.1,1000.0000000000008,True,0.1,0.9,25.0,10000.0,0.938,0.139
compass.d.h+.case5.452,1 - 1 - 2103,301.03984399999996,1.3660254037844386,1.0,1.7320508075688772,0.028999999999999998,0.02,0.038,0.225,0.2,0.25,0.26389584337646843,0.2449489742783178,0.282842712474619,1.0,0.1,1000.0000000000001,True,0.1,0.9,25.0,10000.0,0.938,0.139
compass.d.h+.case5.453,1 - 1 - 2103,301.03984399999996,1.3660254037844386,1.0,1.7320508075688772,0.028999999999999998,0.02,0.038,0.225,0.2,0.25,0.29953523924572845,0.282842712474619,0.31622776601683794,1.0,0.1,1000.0000000000001,True,0.1,0.9,25.0,10000.0,0.938,0.139
compass.d.h+.case5.454,1 - 1 - 2103,301.03984399999996,1.3660254037844386,1.0,1.7320508075688772,0.028999999999999998,0.02,0.038,0.225,0.2,0.25,0.3313189637653067,0.31622776601683794,0.34641016151377546,1.0,0.1,1000.0000000000008,True,0.1,0.9,25.0,10000.0,0.938,0.139
compass.d.h+.case5.455,1 - 1 - 2103,301.03984399999996,1.3660254037844386,1.0,1.7320508075688772,0.028999999999999998,0.02,0.038,0.225,0.2,0.25,0.3602879500955848,0.34641016151377546,0.37416573867739417,1.0,0.1,999.9999999999993,True,0.1,0.9,25.0,10000.0,0.938,0.139
compass.d.h+.case5.456,1 - 1 - 2103,301.03984399999996,1.3660254037844386,1.0,1.7320508075688772,0.028999999999999998,0.02,0.038,0.225,0.2,0.25,0.3932381506195801,0.37416573867739417,0.41231056256176607,1.0,0.1,666.6666666666669,True,0.1,0.9,25.0,10000.0,0.938,0.139
compass.d.h+.case5.457,1 - 1 - 2103,301.03984399999996,1.3660254037844386,1.0,1.7320508075688772,0.028999999999999998,0.02,0.038,0.225,0.2,0.25,0.429762079030862,0.41231056256176607,0.4472135954999579,1.0,0.1,666.6666666666674,True,0.1,0.9,25.0,10000.0,0.938,0.139
compass.d.h+.case5.458,1 - 1 - 2103,301.03984399999996,1.3660254037844386,1.0,1.7320508075688772,0.028999999999999998,0.02,0.038,0.225,0.2,0.25,0.46339837391561495,0.4472135954999579,0.47958315233127197,1.0,0.1,666.6666666666663,True,0.1,0.9,25.0,10000.0,0.938,0.139
compass.d.h+.case5.459,1 - 1 - 2103,301.03984399999996,1.3660254037844386,1.0,1.7320508075688772,0.028999999999999998,0.02,0.038,0.225,0.2,0.25,0.4995991973009676,0.47958315233127197,0.5196152422706632,1.0,0.1,499.9999999999993,True,0.1,0.9,25.0,10000.0,0.938,0.139
compass.d.h+.case5.460,1 - 1 - 2103,301.03984399999996,1.3660254037844386,1.0,1.7320508075688772,0.028999999999999998,0.02,0.038,0.225,0.2,0.25,0.5336688998879147,0.5196152422706632,0.5477225575051661,1.0,0.1,666.66666666667,True,0.1,0.9,25.0,10000.0,0.938,0.139
compass.d.h+.case5.461,1 - 1 - 2103,301.03984399999996,1.3660254037844386,1.0,1.7320508075688772,0.028999999999999998,0.02,0.038,0.225,0.2,0.25,0.5696652679075638,0.5477225575051661,0.5916079783099616,1.0,0.1,399.9999999999997,True,0.1,0.9,25.0,10000.0,0.938,0.139
compass.d.h+.case5.462,1 - 1 - 2103,301.03984399999996,1.3660254037844386,1.0,1.7320508075688772,0.028999999999999998,0.02,0.038,0.225,0.2,0.25,0.6120317551718187,0.5916079783099616,0.6324555320336759,1.0,0.1,399.9999999999997,True,0.1,0.9,25.0,10000.0,0.938,0.139
compass.d.h+.case5.463,1 - 1 - 2103,301.03984399999996,1.3660254037844386,1.0,1.7320508075688772,0.028999999999999998,0.02,0.038,0.225,0.2,0.25,0.6553442651731014,0.6324555320336759,0.6782329983125268,1.0,0.1,333.3333333333334,True,0.1,0.9,25.0,10000.0,0.938,0.139
compass.d.h+.case5.464,1 - 1 - 2103,301.03984399999996,1.3660254037844386,1.0,1.7320508075688772,0.028999999999999998,0.02,0.038,0.225,0.2,0.25,0.6996716267026624,0.6782329983125268,0.7211102550927979,1.0,0.1,333.3333333333328,True,0.1,0.9,25.0,10000.0,0.938,0.139
compass.d.h+.case5.465,1 - 1 - 2103,301.03984399999996,1.3660254037844386,1.0,1.7320508075688772,0.028999999999999998,0.02,0.038,0.225,0.2,0.25,0.7478534621671407,0.7211102550927979,0.7745966692414834,1.0,0.1,250.0000000000002,True,0.1,0.9,25.0,10000.0,0.938,0.139
compass.d.h+.case5.466,1 - 1 - 2103,301.03984399999996,1.3660254037844386,1.0,1.7320508075688772,0.028999999999999998,0.02,0.038,0.225,0.2,0.25,0.7996088971825077,0.7745966692414834,0.8246211251235321,1.0,0.1,250.0000000000002,True,0.1,0.9,25.0,10000.0,0.938,0.139
compass.d.h+.case5.467,1 - 1 - 2103,301.03984399999996,1.3660254037844386,1.0,1.7320508075688772,0.028999999999999998,0.02,0.038,0.225,0.2,0.25,0.8482004569158335,0.8246211251235321,0.8717797887081347,1.0,0.1,250.0000000000005,True,0.1,0.9,25.0,10000.0,0.938,0.139
compass.d.h+.case5.468,1 - 1 - 2103,301.03984399999996,1.3660254037844386,1.0,1.7320508075688772,0.028999999999999998,0.02,0.038,0.225,0.2,0.25,0.902258847008508,0.8717797887081347,0.9327379053088815,1.0,0.1,181.81818181818187,True,0.1,0.9,25.0,10000.0,0.938,0.139
compass.d.h+.case5.469,1 - 1 - 2103,301.03984399999996,1.3660254037844386,1.0,1.7320508075688772,0.028999999999999998,0.02,0.038,0.225,0.2,0.25,0.9663689526544408,0.9327379053088815,1.0,1.0,0.1,153.84615384615375,True,0.1,0.9,25.0,10000.0,0.938,0.139
compass.d.h+.case5.470,1 - 1 - 2103,301.03984399999996,1.3660254037844386,1.0,1.7320508075688772,0.028999999999999998,0.02,0.038,0.225,0.2,0.25,1.029150262212918,1.0,1.0583005244258363,1.0,0.1,166.66666666666657,True,0.1,0.9,25.0,10000.0,0.938,0.139
compass.d.h+.case5.471,1 - 1 - 2103,301.03984399999996,1.3660254037844386,1.0,1.7320508075688772,0.028999999999999998,0.02,0.038,0.225,0.2,0.25,1.0859266984959204,1.0583005244258363,1.1135528725660044,1.0,0.1,166.66666666666657,True,0.1,0.9,25.0,10000.0,0.938,0.139
compass.d.h+.case5.472,1 - 1 - 2103,301.03984399999996,1.3660254037844386,1.0,1.7320508075688772,0.028999999999999998,0.02,0.038,0.225,0.2,0.25,1.1441434425065387,1.1135528725660044,1.174734012447073,1.0,0.1,142.85714285714297,True,0.1,0.9,25.0,10000.0,0.938,0.139
compass.d.h+.case5.473,1 - 1 - 2103,301.03984399999996,1.3660254037844386,1.0,1.7320508075688772,0.028999999999999998,0.02,0.038,0.225,0.2,0.25,1.2038084065204342,1.174734012447073,1.2328828005937953,1.0,0.1,142.85714285714297,True,0.1,0.9,25.0,10000.0,0.938,0.139
compass.d.h+.case5.474,1 - 1 - 2103,301.03984399999996,1.3660254037844386,1.0,1.7320508075688772,0.028999999999999998,0.02,0.038,0.225,0.2,0.25,1.2645154701376837,1.2328828005937953,1.296148139681572,1.0,0.1,125.00000000000026,True,0.1,0.9,25.0,10000.0,0.938,0.139
compass.d.h+.case5.475,1 - 1 - 2103,301.03984399999996,1.3660254037844386,1.0,1.7320508075688772,0.028999999999999998,0.02,0.038,0.225,0.2,0.25,1.328147595277558,1.296148139681572,1.3601470508735443,1.0,0.1,117.64705882352933,True,0.1,0.9,25.0,10000.0,0.938,0.139
compass.d.h+.case5.476,1 - 1 - 2103,301.03984399999996,1.3660254037844386,1.0,1.7320508075688772,0.028999999999999998,0.02,0.038,0.225,0.2,0.25,1.3959645786005899,1.3601470508735443,1.4317821063276353,1.0,0.1,100.00000000000004,True,0.1,0.9,25.0,10000.0,0.938,0.139
compass.d.h+.case5.477,1 - 1 - 2103,301.03984399999996,1.3660254037844386,1.0,1.7320508075688772,0.028999999999999998,0.02,0.038,0.225,0.2,0.25,1.4823765390016121,1.4317821063276353,1.5329709716755893,1.0,0.1,66.66666666666663,True,0.1,0.9,25.0,10000.0,0.938,0.139
compass.d.h+.case5.478,1 - 1 - 2103,301.03984399999996,1.3660254037844386,1.0,1.7320508075688772,0.028999999999999998,0.02,0.038,0.225,0.2,0.25,1.58042651564278,1.5329709716755893,1.6278820596099706,1.0,0.1,66.66666666666671,True,0.1,0.9,25.0,10000.0,0.938,0.139
compass.d.h+.case5.479,1 - 1 - 2103,301.03984399999996,1.3660254037844386,1.0,1.7320508075688772,0.028999999999999998,0.02,0.038,0.225,0.2,0.25,1.6799664335894238,1.6278820596099706,1.7320508075688772,1.0,0.1,57.14285714285721,True,0.1,0.9,25.0,10000.0,0.938,0.139
compass.d.h+.case5.480,1 - 1 - 2103,301.03984399999996,1.3660254037844386,1.0,1.7320508075688772,0.028999999999999998,0.02,0.038,0.275,0.25,0.3,0.17071067811865476,0.1414213562373095,0.2,1.0,0.1,999.9999999999998,True,0.1,0.9,25.0,10000.0,0.938,0.139
compass.d.h+.case5.481,1 - 1 - 2103,301.03984399999996,1.3660254037844386,1.0,1.7320508075688772,0.028999999999999998,0.02,0.038,0.275,0.25,0.3,0.2224744871391589,0.2,0.2449489742783178,1.0,0.1,1000.0000000000008,True,0.1,0.9,25.0,10000.0,0.938,0.139
compass.d.h+.case5.482,1 - 1 - 2103,301.03984399999996,1.3660254037844386,1.0,1.7320508075688772,0.028999999999999998,0.02,0.038,0.275,0.25,0.3,0.26389584337646843,0.2449489742783178,0.282842712474619,1.0,0.1,1000.0000000000001,True,0.1,0.9,25.0,10000.0,0.938,0.139
compass.d.h+.case5.483,1 - 1 - 2103,301.03984399999996,1.3660254037844386,1.0,1.7320508075688772,0.028999999999999998,0.02,0.038,0.275,0.25,0.3,0.29953523924572845,0.282842712474619,0.31622776601683794,1.0,0.1,1000.0000000000001,True,0.1,0.9,25.0,10000.0,0.938,0.139
compass.d.h+.case5.484,1 - 1 - 2103,301.03984399999996,1.3660254037844386,1.0,1.7320508075688772,0.028999999999999998,0.02,0.038,0.275,0.25,0.3,0.3313189637653067,0.31622776601683794,0.34641016151377546,1.0,0.1,1000.0000000000008,True,0.1,0.9,25.0,10000.0,0.938,0.139
compass.d.h+.case5.485,1 - 1 - 2103,301.03984399999996,1.3660254037844386,1.0,1.7320508075688772,0.028999999999999998,0.02,0.038,0.275,0.25,0.3,0.3602879500955848,0.34641016151377546,0.37416573867739417,1.0,0.1,999.9999999999993,True,0.1,0.9,25.0,10000.0,0.938,0.139
compass.d.h+.case5.486,1 - 1 - 2103,301.03984399999996,1.3660254037844386,1.0,1.7320508075688772,0.028999999999999998,0.02,0.038,0.275,0.25,0.3,0.3932381506195801,0.37416573867739417,0.41231056256176607,1.0,0.1,666.6666666666669,True,0.1,0.9,25.0,10000.0,0.938,0.139
compass.d.h+.case5.487,1 - 1 - 2103,301.03984399999996,1.3660254037844386,1.0,1.7320508075688772,0.028999999999999998,0.02,0.038,0.275,0.25,0.3,0.429762079030862,0.41231056256176607,0.4472135954999579,1.0,0.1,666.6666666666674,True,0.1,0.9,25.0,10000.0,0.938,0.139
compass.d.h+.case5.488,1 - 1 - 2103,301.03984399999996,1.3660254037844386,1.0,1.7320508075688772,0.028999999999999998,0.02,0.038,0.275,0.25,0.3,0.46339837391561495,0.4472135954999579,0.47958315233127197,1.0,0.1,666.6666666666663,True,0.1,0.9,25.0,10000.0,0.938,0.139
compass.d.h+.case5.489,1 - 1 - 2103,301.03984399999996,1.3660254037844386,1.0,1.7320508075688772,0.028999999999999998,0.02,0.038,0.275,0.25,0.3,0.4995991973009676,0.47958315233127197,0.5196152422706632,1.0,0.1,499.9999999999993,True,0.1,0.9,25.0,10000.0,0.938,0.139
compass.d.h+.case5.490,1 - 1 - 2103,301.03984399999996,1.3660254037844386,1.0,1.7320508075688772,0.028999999999999998,0.02,0.038,0.275,0.25,0.3,0.5336688998879147,0.5196152422706632,0.5477225575051661,1.0,0.1,666.66666666667,True,0.1,0.9,25.0,10000.0,0.938,0.139
compass.d.h+.case5.491,1 - 1 - 2103,301.03984399999996,1.3660254037844386,1.0,1.7320508075688772,0.028999999999999998,0.02,0.038,0.275,0.25,0.3,0.5696652679075638,0.5477225575051661,0.5916079783099616,1.0,0.1,399.9999999999997,True,0.1,0.9,25.0,10000.0,0.938,0.139
compass.d.h+.case5.492,1 - 1 - 2103,301.03984399999996,1.3660254037844386,1.0,1.7320508075688772,0.028999999999999998,0.02,0.038,0.275,0.25,0.3,0.6120317551718187,0.5916079783099616,0.6324555320336759,1.0,0.1,399.9999999999997,True,0.1,0.9,25.0,10000.0,0.938,0.139
compass.d.h+.case5.493,1 - 1 - 2103,301.03984399999996,1.3660254037844386,1.0,1.7320508075688772,0.028999999999999998,0.02,0.038,0.275,0.25,0.3,0.6553442651731014,0.6324555320336759,0.6782329983125268,1.0,0.1,333.3333333333334,True,0.1,0.9,25.0,10000.0,0.938,0.139
compass.d.h+.case5.494,1 - 1 - 2103,301.03984399999996,1.3660254037844386,1.0,1.7320508075688772,0.028999999999999998,0.02,0.038,0.275,0.25,0.3,0.6996716267026624,0.6782329983125268,0.7211102550927979,1.0,0.1,333.3333333333328,True,0.1,0.9,25.0,10000.0,0.938,0.139
compass.d.h+.case5.495,1 - 1 - 2103,301.03984399999996,1.3660254037844386,1.0,1.7320508075688772,0.028999999999999998,0.02,0.038,0.275,0.25,0.3,0.7478534621671407,0.7211102550927979,0.7745966692414834,1.0,0.1,250.0000000000002,True,0.1,0.9,25.0,10000.0,0.938,0.139
compass.d.h+.case5.496,1 - 1 - 2103,301.03984399999996,1.3660254037844386,1.0,1.7320508075688772,0.028999999999999998,0.02,0.038,0.275,0.25,0.3,0.7996088971825077,0.7745966692414834,0.8246211251235321,1.0,0.1,250.0000000000002,True,0.1,0.9,25.0,10000.0,0.938,0.139
compass.d.h+.case5.497,1 - 1 - 2103,301.03984399999996,1.3660254037844386,1.0,1.7320508075688772,0.028999999999999998,0.02,0.038,0.275,0.25,0.3,0.8482004569158335,0.8246211251235321,0.8717797887081347,1.0,0.1,250.0000000000005,True,0.1,0.9,25.0,10000.0,0.938,0.139
compass.d.h+.case5.498,1 - 1 - 2103,301.03984399999996,1.3660254037844386,1.0,1.7320508075688772,0.028999999999999998,0.02,0.038,0.275,0.25,0.3,0.902258847008508,0.8717797887081347,0.9327379053088815,1.0,0.1,181.81818181818187,True,0.1,0.9,25.0,10000.0,0.938,0.139
compass.d.h+.case5.499,1 - 1 - 2103,301.03984399999996,1.3660254037844386,1.0,1.7320508075688772,0.028999999999999998,0.02,0.038,0.275,0.25,0.3,0.9663689526544408,0.9327379053088815,1.0,1.0,0.1,153.84615384615375,True,0.1,0.9,25.0,10000.0,0.938,0.139
compass.d.h+.case5.500,1 - 1 - 2103,301.03984399999996,1.3660254037844386,1.0,1.7320508075688772,0.028999999999999998,0.02,0.038,0.275,0.25,0.3,1.029150262212918,1.0,1.0583005244258363,1.0,0.1,166.66666666666657,True,0.1,0.9,25.0,10000.0,0.938,0.139
compass.d.h+.case5.501,1 - 1 - 2103,301.03984399999996,1.3660254037844386,1.0,1.7320508075688772,0.028999999999999998,0.02,0.038,0.275,0.25,0.3,1.0859266984959204,1.0583005244258363,1.1135528725660044,1.0,0.1,166.66666666666657,True,0.1,0.9,25.0,10000.0,0.938,0.139
compass.d.h+.case5.502,1 - 1 - 2103,301.03984399999996,1.3660254037844386,1.0,1.7320508075688772,0.028999999999999998,0.02,0.038,0.275,0.25,0.3,1.1441434425065387,1.1135528725660044,1.174734012447073,1.0,0.1,142.85714285714297,True,0.1,0.9,25.0,10000.0,0.938,0.139
compass.d.h+.case5.503,1 - 1 - 2103,301.03984399999996,1.3660254037844386,1.0,1.7320508075688772,0.028999999999999998,0.02,0.038,0.275,0.25,0.3,1.2038084065204342,1.174734012447073,1.2328828005937953,1.0,0.1,142.85714285714297,True,0.1,0.9,25.0,10000.0,0.938,0.139
compass.d.h+.case5.504,1 - 1 - 2103,301.03984399999996,1.3660254037844386,1.0,1.7320508075688772,0.028999999999999998,0.02,0.038,0.275,0.25,0.3,1.2645154701376837,1.2328828005937953,1.296148139681572,1.0,0.1,125.00000000000026,True,0.1,0.9,25.0,10000.0,0.938,0.139
compass.d.h+.case5.505,1 - 1 - 2103,301.03984399999996,1.3660254037844386,1.0,1.7320508075688772,0.028999999999999998,0.02,0.038,0.275,0.25,0.3,1.328147595277558,1.296148139681572,1.3601470508735443,1.0,0.1,117.64705882352933,True,0.1,0.9,25.0,10000.0,0.938,0.139
compass.d.h+.case5.506,1 - 1 - 2103,301.03984399999996,1.3660254037844386,1.0,1.7320508075688772,0.028999999999999998,0.02,0.038,0.275,0.25,0.3,1.3959645786005899,1.3601470508735443,1.4317821063276353,1.0,0.1,100.00000000000004,True,0.1,0.9,25.0,10000.0,0.938,0.139
compass.d.h+.case5.507,1 - 1 - 2103,301.03984399999996,1.3660254037844386,1.0,1.7320508075688772,0.028999999999999998,0.02,0.038,0.275,0.25,0.3,1.4823765390016121,1.4317821063276353,1.5329709716755893,1.0,0.1,66.66666666666663,True,0.1,0.9,25.0,10000.0,0.938,0.139
compass.d.h+.case5.508,1 - 1 - 2103,301.03984399999996,1.3660254037844386,1.0,1.7320508075688772,0.028999999999999998,0.02,0.038,0.275,0.25,0.3,1.58042651564278,1.5329709716755893,1.6278820596099706,1.0,0.1,66.66666666666671,True,0.1,0.9,25.0,10000.0,0.938,0.139
compass.d.h+.case5.509,1 - 1 - 2103,301.03984399999996,1.3660254037844386,1.0,1.7320508075688772,0.028999999999999998,0.02,0.038,0.275,0.25,0.3,1.6799664335894238,1.6278820596099706,1.7320508075688772,1.0,0.1,57.14285714285721,True,0.1,0.9,25.0,10000.0,0.938,0.139
compass.d.h+.case5.510,1 - 1 - 2103,301.03984399999996,1.3660254037844386,1.0,1.7320508075688772,0.028999999999999998,0.02,0.038,0.35,0.3,0.4,0.17071067811865476,0.1414213562373095,0.2,1.0,0.1,499.9999999999996,True,0.1,0.9,25.0,10000.0,0.938,0.139
compass.d.h+.case5.511,1 - 1 - 2103,301.03984399999996,1.3660254037844386,1.0,1.7320508075688772,0.028999999999999998,0.02,0.038,0.35,0.3,0.4,0.2224744871391589,0.2,0.2449489742783178,1.0,0.1,500.0000000000001,True,0.1,0.9,25.0,10000.0,0.938,0.139
compass.d.h+.case5.512,1 - 1 - 2103,301.03984399999996,1.3660254037844386,1.0,1.7320508075688772,0.028999999999999998,0.02,0.038,0.35,0.3,0.4,0.26389584337646843,0.2449489742783178,0.282842712474619,1.0,0.1,499.9999999999998,True,0.1,0.9,25.0,10000.0,0.938,0.139
compass.d.h+.case5.513,1 - 1 - 2103,301.03984399999996,1.3660254037844386,1.0,1.7320508075688772,0.028999999999999998,0.02,0.038,0.35,0.3,0.4,0.29953523924572845,0.282842712474619,0.31622776601683794,1.0,0.1,499.9999999999998,True,0.1,0.9,25.0,10000.0,0.938,0.139
compass.d.h+.case5.514,1 - 1 - 2103,301.03984399999996,1.3660254037844386,1.0,1.7320508075688772,0.028999999999999998,0.02,0.038,0.35,0.3,0.4,0.3313189637653067,0.31622776601683794,0.34641016151377546,1.0,0.1,500.0000000000001,True,0.1,0.9,25.0,10000.0,0.938,0.139
compass.d.h+.case5.515,1 - 1 - 2103,301.03984399999996,1.3660254037844386,1.0,1.7320508075688772,0.028999999999999998,0.02,0.038,0.35,0.3,0.4,0.3602879500955848,0.34641016151377546,0.37416573867739417,1.0,0.1,499.99999999999943,True,0.1,0.9,25.0,10000.0,0.938,0.139
compass.d.h+.case5.516,1 - 1 - 2103,301.03984399999996,1.3660254037844386,1.0,1.7320508075688772,0.028999999999999998,0.02,0.038,0.35,0.3,0.4,0.3932381506195801,0.37416573867739417,0.41231056256176607,1.0,0.1,333.33333333333326,True,0.1,0.9,25.0,10000.0,0.938,0.139
compass.d.h+.case5.517,1 - 1 - 2103,301.03984399999996,1.3660254037844386,1.0,1.7320508075688772,0.028999999999999998,0.02,0.038,0.35,0.3,0.4,0.429762079030862,0.41231056256176607,0.4472135954999579,1.0,0.1,333.33333333333354,True,0.1,0.9,25.0,10000.0,0.938,0.139
compass.d.h+.case5.518,1 - 1 - 2103,301.03984399999996,1.3660254037844386,1.0,1.7320508075688772,0.028999999999999998,0.02,0.038,0.35,0.3,0.4,0.46339837391561495,0.4472135954999579,0.47958315233127197,1.0,0.1,333.333333333333,True,0.1,0.9,25.0,10000.0,0.938,0.139
compass.d.h+.case5.519,1 - 1 - 2103,301.03984399999996,1.3660254037844386,1.0,1.7320508075688772,0.028999999999999998,0.02,0.038,0.35,0.3,0.4,0.4995991973009676,0.47958315233127197,0.5196152422706632,1.0,0.1,249.99999999999952,True,0.1,0.9,25.0,10000.0,0.938,0.139
compass.d.h+.case5.520,1 - 1 - 2103,301.03984399999996,1.3660254037844386,1.0,1.7320508075688772,0.028999999999999998,0.02,0.038,0.35,0.3,0.4,0.5336688998879147,0.5196152422706632,0.5477225575051661,1.0,0.1,333.3333333333348,True,0.1,0.9,25.0,10000.0,0.938,0.139
compass.d.h+.case5.521,1 - 1 - 2103,301.03984399999996,1.3660254037844386,1.0,1.7320508075688772,0.028999999999999998,0.02,0.038,0.35,0.3,0.4,0.5696652679075638,0.5477225575051661,0.5916079783099616,1.0,0.1,199.99999999999974,True,0.1,0.9,25.0,10000.0,0.938,0.139
compass.d.h+.case5.522,1 - 1 - 2103,301.03984399999996,1.3660254037844386,1.0,1.7320508075688772,0.028999999999999998,0.02,0.038,0.35,0.3,0.4,0.6120317551718187,0.5916079783099616,0.6324555320336759,1.0,0.1,199.99999999999974,True,0.1,0.9,25.0,10000.0,0.938,0.139
compass.d.h+.case5.523,1 - 1 - 2103,301.03984399999996,1.3660254037844386,1.0,1.7320508075688772,0.028999999999999998,0.02,0.038,0.35,0.3,0.4,0.6553442651731014,0.6324555320336759,0.6782329983125268,1.0,0.1,166.66666666666663,True,0.1,0.9,25.0,10000.0,0.938,0.139
compass.d.h+.case5.524,1 - 1 - 2103,301.03984399999996,1.3660254037844386,1.0,1.7320508075688772,0.028999999999999998,0.02,0.038,0.35,0.3,0.4,0.6996716267026624,0.6782329983125268,0.7211102550927979,1.0,0.1,166.66666666666632,True,0.1,0.9,25.0,10000.0,0.938,0.139
compass.d.h+.case5.525,1 - 1 - 2103,301.03984399999996,1.3660254037844386,1.0,1.7320508075688772,0.028999999999999998,0.02,0.038,0.35,0.3,0.4,0.7478534621671407,0.7211102550927979,0.7745966692414834,1.0,0.1,125.00000000000003,True,0.1,0.9,25.0,10000.0,0.938,0.139
compass.d.h+.case5.526,1 - 1 - 2103,301.03984399999996,1.3660254037844386,1.0,1.7320508075688772,0.028999999999999998,0.02,0.038,0.35,0.3,0.4,0.7996088971825077,0.7745966692414834,0.8246211251235321,1.0,0.1,125.00000000000003,True,0.1,0.9,25.0,10000.0,0.938,0.139
compass.d.h+.case5.527,1 - 1 - 2103,301.03984399999996,1.3660254037844386,1.0,1.7320508075688772,0.028999999999999998,0.02,0.038,0.35,0.3,0.4,0.8482004569158335,0.8246211251235321,0.8717797887081347,1.0,0.1,125.00000000000018,True,0.1,0.9,25.0,10000.0,0.938,0.139
compass.d.h+.case5.528,1 - 1 - 2103,301.03984399999996,1.3660254037844386,1.0,1.7320508075688772,0.028999999999999998,0.02,0.038,0.35,0.3,0.4,0.902258847008508,0.8717797887081347,0.9327379053088815,1.0,0.1,90.90909090909089,True,0.1,0.9,25.0,10000.0,0.938,0.139
compass.d.h+.case5.529,1 - 1 - 2103,301.03984399999996,1.3660254037844386,1.0,1.7320508075688772,0.028999999999999998,0.02,0.038,0.35,0.3,0.4,0.9663689526544408,0.9327379053088815,1.0,1.0,0.1,76.92307692307683,True,0.1,0.9,25.0,10000.0,0.938,0.139
compass.d.h+.case5.530,1 - 1 - 2103,301.03984399999996,1.3660254037844386,1.0,1.7320508075688772,0.028999999999999998,0.02,0.038,0.35,0.3,0.4,1.029150262212918,1.0,1.0583005244258363,1.0,0.1,83.33333333333324,True,0.1,0.9,25.0,10000.0,0.938,0.139
compass.d.h+.case5.531,1 - 1 - 2103,301.03984399999996,1.3660254037844386,1.0,1.7320508075688772,0.028999999999999998,0.02,0.038,0.35,0.3,0.4,1.0859266984959204,1.0583005244258363,1.1135528725660044,1.0,0.1,83.33333333333324,True,0.1,0.9,25.0,10000.0,0.938,0.139
compass.d.h+.case5.532,1 - 1 - 2103,301.03984399999996,1.3660254037844386,1.0,1.7320508075688772,0.028999999999999998,0.02,0.038,0.35,0.3,0.4,1.1441434425065387,1.1135528725660044,1.174734012447073,1.0,0.1,71.42857142857146,True,0.1,0.9,25.0,10000.0,0.938,0.139
compass.d.h+.case5.533,1 - 1 - 2103,301.03984399999996,1.3660254037844386,1.0,1.7320508075688772,0.028999999999999998,0.02,0.038,0.35,0.3,0.4,1.2038084065204342,1.174734012447073,1.2328828005937953,1.0,0.1,71.42857142857146,True,0.1,0.9,25.0,10000.0,0.938,0.139
compass.d.h+.case5.534,1 - 1 - 2103,301.03984399999996,1.3660254037844386,1.0,1.7320508075688772,0.028999999999999998,0.02,0.038,0.35,0.3,0.4,1.2645154701376837,1.2328828005937953,1.296148139681572,1.0,0.1,62.50000000000009,True,0.1,0.9,25.0,10000.0,0.938,0.139
compass.d.h+.case5.535,1 - 1 - 2103,301.03984399999996,1.3660254037844386,1.0,1.7320508075688772,0.028999999999999998,0.02,0.038,0.35,0.3,0.4,1.328147595277558,1.296148139681572,1.3601470508735443,1.0,0.1,58.82352941176464,True,0.1,0.9,25.0,10000.0,0.938,0.139
compass.d.h+.case5.536,1 - 1 - 2103,301.03984399999996,1.3660254037844386,1.0,1.7320508075688772,0.028999999999999998,0.02,0.038,0.35,0.3,0.4,1.3959645786005899,1.3601470508735443,1.4317821063276353,1.0,0.1,49.99999999999999,True,0.1,0.9,25.0,10000.0,0.938,0.139
compass.d.h+.case5.537,1 - 1 - 2103,301.03984399999996,1.3660254037844386,1.0,1.7320508075688772,0.028999999999999998,0.02,0.038,0.35,0.3,0.4,1.4823765390016121,1.4317821063276353,1.5329709716755893,1.0,0.1,33.33333333333329,True,0.1,0.9,25.0,10000.0,0.938,0.139
compass.d.h+.case5.538,1 - 1 - 2103,301.03984399999996,1.3660254037844386,1.0,1.7320508075688772,0.028999999999999998,0.02,0.038,0.35,0.3,0.4,1.58042651564278,1.5329709716755893,1.6278820596099706,1.0,0.1,33.33333333333334,True,0.1,0.9,25.0,10000.0,0.938,0.139
compass.d.h+.case5.539,1 - 1 - 2103,301.03984399999996,1.3660254037844386,1.0,1.7320508075688772,0.028999999999999998,0.02,0.038,0.35,0.3,0.4,1.6799664335894238,1.6278820596099706,1.7320508075688772,1.0,0.1,28.57142857142859,True,0.1,0.9,25.0,10000.0,0.938,0.139
compass.d.h+.case5.540,1 - 1 - 2103,301.03984399999996,1.3660254037844386,1.0,1.7320508075688772,0.028999999999999998,0.02,0.038,0.47500000000000003,0.4,0.55,0.17071067811865476,0.1414213562373095,0.2,1.0,0.1,333.33333333333314,True,0.1,0.9,25.0,10000.0,0.938,0.139
compass.d.h+.case5.541,1 - 1 - 2103,301.03984399999996,1.3660254037844386,1.0,1.7320508075688772,0.028999999999999998,0.02,0.038,0.47500000000000003,0.4,0.55,0.2224744871391589,0.2,0.2449489742783178,1.0,0.1,333.3333333333335,True,0.1,0.9,25.0,10000.0,0.938,0.139
compass.d.h+.case5.542,1 - 1 - 2103,301.03984399999996,1.3660254037844386,1.0,1.7320508075688772,0.028999999999999998,0.02,0.038,0.47500000000000003,0.4,0.55,0.26389584337646843,0.2449489742783178,0.282842712474619,1.0,0.1,333.33333333333326,True,0.1,0.9,25.0,10000.0,0.938,0.139
compass.d.h+.case5.543,1 - 1 - 2103,301.03984399999996,1.3660254037844386,1.0,1.7320508075688772,0.028999999999999998,0.02,0.038,0.47500000000000003,0.4,0.55,0.29953523924572845,0.282842712474619,0.31622776601683794,1.0,0.1,333.33333333333326,True,0.1,0.9,25.0,10000.0,0.938,0.139
compass.d.h+.case5.544,1 - 1 - 2103,301.03984399999996,1.3660254037844386,1.0,1.7320508075688772,0.028999999999999998,0.02,0.038,0.47500000000000003,0.4,0.55,0.3313189637653067,0.31622776601683794,0.34641016151377546,1.0,0.1,333.3333333333335,True,0.1,0.9,25.0,10000.0,0.938,0.139
compass.d.h+.case5.545,1 - 1 - 2103,301.03984399999996,1.3660254037844386,1.0,1.7320508075688772,0.028999999999999998,0.02,0.038,0.47500000000000003,0.4,0.55,0.3602879500955848,0.34641016151377546,0.37416573867739417,1.0,0.1,333.333333333333,True,0.1,0.9,25.0,10000.0,0.938,0.139
compass.d.h+.case5.546,1 - 1 - 2103,301.03984399999996,1.3660254037844386,1.0,1.7320508075688772,0.028999999999999998,0.02,0.038,0.47500000000000003,0.4,0.55,0.3932381506195801,0.37416573867739417,0.41231056256176607,1.0,0.1,222.2222222222222,True,0.1,0.9,25.0,10000.0,0.938,0.139
compass.d.h+.case5.547,1 - 1 - 2103,301.03984399999996,1.3660254037844386,1.0,1.7320508075688772,0.028999999999999998,0.02,0.038,0.47500000000000003,0.4,0.55,0.429762079030862,0.41231056256176607,0.4472135954999579,1.0,0.1,222.2222222222224,True,0.1,0.9,25.0,10000.0,0.938,0.139
compass.d.h+.case5.548,1 - 1 - 2103,301.03984399999996,1.3660254037844386,1.0,1.7320508075688772,0.028999999999999998,0.02,0.038,0.47500000000000003,0.4,0.55,0.46339837391561495,0.4472135954999579,0.47958315233127197,1.0,0.1,222.22222222222203,True,0.1,0.9,25.0,10000.0,0.938,0.139
compass.d.h+.case5.549,1 - 1 - 2103,301.03984399999996,1.3660254037844386,1.0,1.7320508075688772,0.028999999999999998,0.02,0.038,0.47500000000000003,0.4,0.55,0.4995991973009676,0.47958315233127197,0.5196152422706632,1.0,0.1,166.66666666666637,True,0.1,0.9,25.0,10000.0,0.938,0.139
compass.d.h+.case5.550,1 - 1 - 2103,301.03984399999996,1.3660254037844386,1.0,1.7320508075688772,0.028999999999999998,0.02,0.038,0.47500000000000003,0.4,0.55,0.5336688998879147,0.5196152422706632,0.5477225575051661,1.0,0.1,222.22222222222325,True,0.1,0.9,25.0,10000.0,0.938,0.139
compass.d.h+.case5.551,1 - 1 - 2103,301.03984399999996,1.3660254037844386,1.0,1.7320508075688772,0.028999999999999998,0.02,0.038,0.47500000000000003,0.4,0.55,0.5696652679075638,0.5477225575051661,0.5916079783099616,1.0,0.1,133.3333333333332,True,0.1,0.9,25.0,10000.0,0.938,0.139
compass.d.h+.case5.552,1 - 1 - 2103,301.03984399999996,1.3660254037844386,1.0,1.7320508075688772,0.028999999999999998,0.02,0.038,0.47500000000000003,0.4,0.55,0.6120317551718187,0.5916079783099616,0.6324555320336759,1.0,0.1,133.3333333333332,True,0.1,0.9,25.0,10000.0,0.938,0.139
compass.d.h+.case5.553,1 - 1 - 2103,301.03984399999996,1.3660254037844386,1.0,1.7320508075688772,0.028999999999999998,0.02,0.038,0.47500000000000003,0.4,0.55,0.6553442651731014,0.6324555320336759,0.6782329983125268,1.0,0.1,111.1111111111111,True,0.1,0.9,25.0,10000.0,0.938,0.139
compass.d.h+.case5.554,1 - 1 - 2103,301.03984399999996,1.3660254037844386,1.0,1.7320508075688772,0.028999999999999998,0.02,0.038,0.47500000000000003,0.4,0.55,0.6996716267026624,0.6782329983125268,0.7211102550927979,1.0,0.1,111.11111111111089,True,0.1,0.9,25.0,10000.0,0.938,0.139
compass.d.h+.case5.555,1 - 1 - 2103,301.03984399999996,1.3660254037844386,1.0,1.7320508075688772,0.028999999999999998,0.02,0.038,0.47500000000000003,0.4,0.55,0.7478534621671407,0.7211102550927979,0.7745966692414834,1.0,0.1,83.33333333333337,True,0.1,0.9,25.0,10000.0,0.938,0.139
compass.d.h+.case5.556,1 - 1 - 2103,301.03984399999996,1.3660254037844386,1.0,1.7320508075688772,0.028999999999999998,0.02,0.038,0.47500000000000003,0.4,0.55,0.7996088971825077,0.7745966692414834,0.8246211251235321,1.0,0.1,83.33333333333337,True,0.1,0.9,25.0,10000.0,0.938,0.139
compass.d.h+.case5.557,1 - 1 - 2103,301.03984399999996,1.3660254037844386,1.0,1.7320508075688772,0.028999999999999998,0.02,0.038,0.47500000000000003,0.4,0.55,0.8482004569158335,0.8246211251235321,0.8717797887081347,1.0,0.1,83.33333333333347,True,0.1,0.9,25.0,10000.0,0.938,0.139
compass.d.h+.case5.558,1 - 1 - 2103,301.03984399999996,1.3660254037844386,1.0,1.7320508075688772,0.028999999999999998,0.02,0.038,0.47500000000000003,0.4,0.55,0.902258847008508,0.8717797887081347,0.9327379053088815,1.0,0.1,60.6060606060606,True,0.1,0.9,25.0,10000.0,0.938,0.139
compass.d.h+.case5.559,1 - 1 - 2103,301.03984399999996,1.3660254037844386,1.0,1.7320508075688772,0.028999999999999998,0.02,0.038,0.47500000000000003,0.4,0.55,0.9663689526544408,0.9327379053088815,1.0,1.0,0.1,51.28205128205123,True,0.1,0.9,25.0,10000.0,0.938,0.139
compass.d.h+.case5.560,1 - 1 - 2103,301.03984399999996,1.3660254037844386,1.0,1.7320508075688772,0.028999999999999998,0.02,0.038,0.47500000000000003,0.4,0.55,1.029150262212918,1.0,1.0583005244258363,1.0,0.1,55.55555555555551,True,0.1,0.9,25.0,10000.0,0.938,0.139
compass.d.h+.case5.561,1 - 1 - 2103,301.03984399999996,1.3660254037844386,1.0,1.7320508075688772,0.028999999999999998,0.02,0.038,0.47500000000000003,0.4,0.55,1.0859266984959204,1.0583005244258363,1.1135528725660044,1.0,0.1,55.55555555555551,True,0.1,0.9,25.0,10000.0,0.938,0.139
compass.d.h+.case5.562,1 - 1 - 2103,301.03984399999996,1.3660254037844386,1.0,1.7320508075688772,0.028999999999999998,0.02,0.038,0.47500000000000003,0.4,0.55,1.1441434425065387,1.1135528725660044,1.174734012447073,1.0,0.1,47.61904761904764,True,0.1,0.9,25.0,10000.0,0.938,0.139
compass.d.h+.case5.563,1 - 1 - 2103,301.03984399999996,1.3660254037844386,1.0,1.7320508075688772,0.028999999999999998,0.02,0.038,0.47500000000000003,0.4,0.55,1.2038084065204342,1.174734012447073,1.2328828005937953,1.0,0.1,47.61904761904764,True,0.1,0.9,25.0,10000.0,0.938,0.139
compass.d.h+.case5.564,1 - 1 - 2103,301.03984399999996,1.3660254037844386,1.0,1.7320508075688772,0.028999999999999998,0.02,0.038,0.47500000000000003,0.4,0.55,1.2645154701376837,1.2328828005937953,1.296148139681572,1.0,0.1,41.666666666666735,True,0.1,0.9,25.0,10000.0,0.938,0.139
compass.d.h+.case5.565,1 - 1 - 2103,301.03984399999996,1.3660254037844386,1.0,1.7320508075688772,0.028999999999999998,0.02,0.038,0.47500000000000003,0.4,0.55,1.328147595277558,1.296148139681572,1.3601470508735443,1.0,0.1,39.215686274509764,True,0.1,0.9,25.0,10000.0,0.938,0.139
compass.d.h+.case5.566,1 - 1 - 2103,301.03984399999996,1.3660254037844386,1.0,1.7320508075688772,0.028999999999999998,0.02,0.038,0.47500000000000003,0.4,0.55,1.3959645786005899,1.3601470508735443,1.4317821063276353,1.0,0.1,33.333333333333336,True,0.1,0.9,25.0,10000.0,0.938,0.139
compass.d.h+.case5.567,1 - 1 - 2103,301.03984399999996,1.3660254037844386,1.0,1.7320508075688772,0.028999999999999998,0.02,0.038,0.47500000000000003,0.4,0.55,1.4823765390016121,1.4317821063276353,1.5329709716755893,1.0,0.1,22.2222222222222,True,0.1,0.9,25.0,10000.0,0.938,0.139
compass.d.h+.case5.568,1 - 1 - 2103,301.03984399999996,1.3660254037844386,1.0,1.7320508075688772,0.028999999999999998,0.02,0.038,0.47500000000000003,0.4,0.55,1.58042651564278,1.5329709716755893,1.6278820596099706,1.0,0.1,22.222222222222232,True,0.1,0.9,25.0,10000.0,0.938,0.139
compass.d.h+.case5.569,1 - 1 - 2103,301.03984399999996,1.3660254037844386,1.0,1.7320508075688772,0.028999999999999998,0.02,0.038,0.47500000000000003,0.4,0.55,1.6799664335894238,1.6278820596099706,1.7320508075688772,1.0,0.1,19.04761904761906,True,0.1,0.9,25.0,10000.0,0.938,0.139
compass.d.h+.case5.570,1 - 1 - 2103,301.03984399999996,1.3660254037844386,1.0,1.7320508075688772,0.028999999999999998,0.02,0.038,0.625,0.55,0.7,0.17071067811865476,0.1414213562373095,0.2,1.0,0.1,333.33333333333337,True,0.1,0.9,25.0,10000.0,0.938,0.139
compass.d.h+.case5.571,1 - 1 - 2103,301.03984399999996,1.3660254037844386,1.0,1.7320508075688772,0.028999999999999998,0.02,0.038,0.625,0.55,0.7,0.2224744871391589,0.2,0.2449489742783178,1.0,0.1,333.3333333333337,True,0.1,0.9,25.0,10000.0,0.938,0.139
compass.d.h+.case5.572,1 - 1 - 2103,301.03984399999996,1.3660254037844386,1.0,1.7320508075688772,0.028999999999999998,0.02,0.038,0.625,0.55,0.7,0.26389584337646843,0.2449489742783178,0.282842712474619,1.0,0.1,333.3333333333335,True,0.1,0.9,25.0,10000.0,0.938,0.139
compass.d.h+.case5.573,1 - 1 - 2103,301.03984399999996,1.3660254037844386,1.0,1.7320508075688772,0.028999999999999998,0.02,0.038,0.625,0.55,0.7,0.29953523924572845,0.282842712474619,0.31622776601683794,1.0,0.1,333.3333333333335,True,0.1,0.9,25.0,10000.0,0.938,0.139
compass.d.h+.case5.574,1 - 1 - 2103,301.03984399999996,1.3660254037844386,1.0,1.7320508075688772,0.028999999999999998,0.02,0.038,0.625,0.55,0.7,0.3313189637653067,0.31622776601683794,0.34641016151377546,1.0,0.1,333.3333333333337,True,0.1,0.9,25.0,10000.0,0.938,0.139
compass.d.h+.case5.575,1 - 1 - 2103,301.03984399999996,1.3660254037844386,1.0,1.7320508075688772,0.028999999999999998,0.02,0.038,0.625,0.55,0.7,0.3602879500955848,0.34641016151377546,0.37416573867739417,1.0,0.1,333.33333333333326,True,0.1,0.9,25.0,10000.0,0.938,0.139
compass.d.h+.case5.576,1 - 1 - 2103,301.03984399999996,1.3660254037844386,1.0,1.7320508075688772,0.028999999999999998,0.02,0.038,0.625,0.55,0.7,0.3932381506195801,0.37416573867739417,0.41231056256176607,1.0,0.1,222.22222222222237,True,0.1,0.9,25.0,10000.0,0.938,0.139
compass.d.h+.case5.577,1 - 1 - 2103,301.03984399999996,1.3660254037844386,1.0,1.7320508075688772,0.028999999999999998,0.02,0.038,0.625,0.55,0.7,0.429762079030862,0.41231056256176607,0.4472135954999579,1.0,0.1,222.22222222222257,True,0.1,0.9,25.0,10000.0,0.938,0.139
compass.d.h+.case5.578,1 - 1 - 2103,301.03984399999996,1.3660254037844386,1.0,1.7320508075688772,0.028999999999999998,0.02,0.038,0.625,0.55,0.7,0.46339837391561495,0.4472135954999579,0.47958315233127197,1.0,0.1,222.22222222222217,True,0.1,0.9,25.0,10000.0,0.938,0.139
compass.d.h+.case5.579,1 - 1 - 2103,301.03984399999996,1.3660254037844386,1.0,1.7320508075688772,0.028999999999999998,0.02,0.038,0.625,0.55,0.7,0.4995991973009676,0.47958315233127197,0.5196152422706632,1.0,0.1,166.66666666666652,True,0.1,0.9,25.0,10000.0,0.938,0.139
compass.d.h+.case5.580,1 - 1 - 2103,301.03984399999996,1.3660254037844386,1.0,1.7320508075688772,0.028999999999999998,0.02,0.038,0.625,0.55,0.7,0.5336688998879147,0.5196152422706632,0.5477225575051661,1.0,0.1,222.22222222222342,True,0.1,0.9,25.0,10000.0,0.938,0.139
compass.d.h+.case5.581,1 - 1 - 2103,301.03984399999996,1.3660254037844386,1.0,1.7320508075688772,0.028999999999999998,0.02,0.038,0.625,0.55,0.7,0.5696652679075638,0.5477225575051661,0.5916079783099616,1.0,0.1,133.3333333333333,True,0.1,0.9,25.0,10000.0,0.938,0.139
compass.d.h+.case5.582,1 - 1 - 2103,301.03984399999996,1.3660254037844386,1.0,1.7320508075688772,0.028999999999999998,0.02,0.038,0.625,0.55,0.7,0.6120317551718187,0.5916079783099616,0.6324555320336759,1.0,0.1,133.3333333333333,True,0.1,0.9,25.0,10000.0,0.938,0.139
compass.d.h+.case5.583,1 - 1 - 2103,301.03984399999996,1.3660254037844386,1.0,1.7320508075688772,0.028999999999999998,0.02,0.038,0.625,0.55,0.7,0.6553442651731014,0.6324555320336759,0.6782329983125268,1.0,0.1,111.11111111111119,True,0.1,0.9,25.0,10000.0,0.938,0.139
compass.d.h+.case5.584,1 - 1 - 2103,301.03984399999996,1.3660254037844386,1.0,1.7320508075688772,0.028999999999999998,0.02,0.038,0.625,0.55,0.7,0.6996716267026624,0.6782329983125268,0.7211102550927979,1.0,0.1,111.11111111111097,True,0.1,0.9,25.0,10000.0,0.938,0.139
compass.d.h+.case5.585,1 - 1 - 2103,301.03984399999996,1.3660254037844386,1.0,1.7320508075688772,0.028999999999999998,0.02,0.038,0.625,0.55,0.7,0.7478534621671407,0.7211102550927979,0.7745966692414834,1.0,0.1,83.33333333333343,True,0.1,0.9,25.0,10000.0,0.938,0.139
compass.d.h+.case5.586,1 - 1 - 2103,301.03984399999996,1.3660254037844386,1.0,1.7320508075688772,0.028999999999999998,0.02,0.038,0.625,0.55,0.7,0.7996088971825077,0.7745966692414834,0.8246211251235321,1.0,0.1,83.33333333333343,True,0.1,0.9,25.0,10000.0,0.938,0.139
compass.d.h+.case5.587,1 - 1 - 2103,301.03984399999996,1.3660254037844386,1.0,1.7320508075688772,0.028999999999999998,0.02,0.038,0.625,0.55,0.7,0.8482004569158335,0.8246211251235321,0.8717797887081347,1.0,0.1,83.33333333333354,True,0.1,0.9,25.0,10000.0,0.938,0.139
compass.d.h+.case5.588,1 - 1 - 2103,301.03984399999996,1.3660254037844386,1.0,1.7320508075688772,0.028999999999999998,0.02,0.038,0.625,0.55,0.7,0.902258847008508,0.8717797887081347,0.9327379053088815,1.0,0.1,60.606060606060645,True,0.1,0.9,25.0,10000.0,0.938,0.139
compass.d.h+.case5.589,1 - 1 - 2103,301.03984399999996,1.3660254037844386,1.0,1.7320508075688772,0.028999999999999998,0.02,0.038,0.625,0.55,0.7,0.9663689526544408,0.9327379053088815,1.0,1.0,0.1,51.28205128205126,True,0.1,0.9,25.0,10000.0,0.938,0.139
compass.d.h+.case5.590,1 - 1 - 2103,301.03984399999996,1.3660254037844386,1.0,1.7320508075688772,0.028999999999999998,0.02,0.038,0.625,0.55,0.7,1.029150262212918,1.0,1.0583005244258363,1.0,0.1,55.55555555555554,True,0.1,0.9,25.0,10000.0,0.938,0.139
compass.d.h+.case5.591,1 - 1 - 2103,301.03984399999996,1.3660254037844386,1.0,1.7320508075688772,0.028999999999999998,0.02,0.038,0.625,0.55,0.7,1.0859266984959204,1.0583005244258363,1.1135528725660044,1.0,0.1,55.55555555555554,True,0.1,0.9,25.0,10000.0,0.938,0.139
compass.d.h+.case5.592,1 - 1 - 2103,301.03984399999996,1.3660254037844386,1.0,1.7320508075688772,0.028999999999999998,0.02,0.038,0.625,0.55,0.7,1.1441434425065387,1.1135528725660044,1.174734012447073,1.0,0.1,47.61904761904768,True,0.1,0.9,25.0,10000.0,0.938,0.139
compass.d.h+.case5.593,1 - 1 - 2103,301.03984399999996,1.3660254037844386,1.0,1.7320508075688772,0.028999999999999998,0.02,0.038,0.625,0.55,0.7,1.2038084065204342,1.174734012447073,1.2328828005937953,1.0,0.1,47.61904761904768,True,0.1,0.9,25.0,10000.0,0.938,0.139
compass.d.h+.case5.594,1 - 1 - 2103,301.03984399999996,1.3660254037844386,1.0,1.7320508075688772,0.028999999999999998,0.02,0.038,0.625,0.55,0.7,1.2645154701376837,1.2328828005937953,1.296148139681572,1.0,0.1,41.66666666666677,True,0.1,0.9,25.0,10000.0,0.938,0.139
compass.d.h+.case5.595,1 - 1 - 2103,301.03984399999996,1.3660254037844386,1.0,1.7320508075688772,0.028999999999999998,0.02,0.038,0.625,0.55,0.7,1.328147595277558,1.296148139681572,1.3601470508735443,1.0,0.1,39.21568627450979,True,0.1,0.9,25.0,10000.0,0.938,0.139
compass.d.h+.case5.596,1 - 1 - 2103,301.03984399999996,1.3660254037844386,1.0,1.7320508075688772,0.028999999999999998,0.02,0.038,0.625,0.55,0.7,1.3959645786005899,1.3601470508735443,1.4317821063276353,1.0,0.1,33.33333333333336,True,0.1,0.9,25.0,10000.0,0.938,0.139
compass.d.h+.case5.597,1 - 1 - 2103,301.03984399999996,1.3660254037844386,1.0,1.7320508075688772,0.028999999999999998,0.02,0.038,0.625,0.55,0.7,1.4823765390016121,1.4317821063276353,1.5329709716755893,1.0,0.1,22.222222222222214,True,0.1,0.9,25.0,10000.0,0.938,0.139
compass.d.h+.case5.598,1 - 1 - 2103,301.03984399999996,1.3660254037844386,1.0,1.7320508075688772,0.028999999999999998,0.02,0.038,0.625,0.55,0.7,1.58042651564278,1.5329709716755893,1.6278820596099706,1.0,0.1,22.22222222222225,True,0.1,0.9,25.0,10000.0,0.938,0.139
compass.d.h+.case5.599,1 - 1 - 2103,301.03984399999996,1.3660254037844386,1.0,1.7320508075688772,0.028999999999999998,0.02,0.038,0.625,0.55,0.7,1.6799664335894238,1.6278820596099706,1.7320508075688772,1.0,0.1,19.047619047619076,True,0.1,0.9,25.0,10000.0,0.938,0.139
compass.d.h+.case5.600,1 - 1 - 2103,301.03984399999996,1.3660254037844386,1.0,1.7320508075688772,0.028999999999999998,0.02,0.038,0.7749999999999999,0.7,0.85,0.17071067811865476,0.1414213562373095,0.2,1.0,0.1,333.33333333333314,True,0.1,0.9,25.0,10000.0,0.938,0.139
compass.d.h+.case5.601,1 - 1 - 2103,301.03984399999996,1.3660254037844386,1.0,1.7320508075688772,0.028999999999999998,0.02,0.038,0.7749999999999999,0.7,0.85,0.2224744871391589,0.2,0.2449489742783178,1.0,0.1,333.3333333333335,True,0.1,0.9,25.0,10000.0,0.938,0.139
compass.d.h+.case5.602,1 - 1 - 2103,301.03984399999996,1.3660254037844386,1.0,1.7320508075688772,0.028999999999999998,0.02,0.038,0.7749999999999999,0.7,0.85,0.26389584337646843,0.2449489742783178,0.282842712474619,1.0,0.1,333.33333333333326,True,0.1,0.9,25.0,10000.0,0.938,0.139
compass.d.h+.case5.603,1 - 1 - 2103,301.03984399999996,1.3660254037844386,1.0,1.7320508075688772,0.028999999999999998,0.02,0.038,0.7749999999999999,0.7,0.85,0.29953523924572845,0.282842712474619,0.31622776601683794,1.0,0.1,333.33333333333326,True,0.1,0.9,25.0,10000.0,0.938,0.139
compass.d.h+.case5.604,1 - 1 - 2103,301.03984399999996,1.3660254037844386,1.0,1.7320508075688772,0.028999999999999998,0.02,0.038,0.7749999999999999,0.7,0.85,0.3313189637653067,0.31622776601683794,0.34641016151377546,1.0,0.1,333.3333333333335,True,0.1,0.9,25.0,10000.0,0.938,0.139
compass.d.h+.case5.605,1 - 1 - 2103,301.03984399999996,1.3660254037844386,1.0,1.7320508075688772,0.028999999999999998,0.02,0.038,0.7749999999999999,0.7,0.85,0.3602879500955848,0.34641016151377546,0.37416573867739417,1.0,0.1,333.333333333333,True,0.1,0.9,25.0,10000.0,0.938,0.139
compass.d.h+.case5.606,1 - 1 - 2103,301.03984399999996,1.3660254037844386,1.0,1.7320508075688772,0.028999999999999998,0.02,0.038,0.7749999999999999,0.7,0.85,0.3932381506195801,0.37416573867739417,0.41231056256176607,1.0,0.1,222.2222222222222,True,0.1,0.9,25.0,10000.0,0.938,0.139
compass.d.h+.case5.607,1 - 1 - 2103,301.03984399999996,1.3660254037844386,1.0,1.7320508075688772,0.028999999999999998,0.02,0.038,0.7749999999999999,0.7,0.85,0.429762079030862,0.41231056256176607,0.4472135954999579,1.0,0.1,222.2222222222224,True,0.1,0.9,25.0,10000.0,0.938,0.139
compass.d.h+.case5.608,1 - 1 - 2103,301.03984399999996,1.3660254037844386,1.0,1.7320508075688772,0.028999999999999998,0.02,0.038,0.7749999999999999,0.7,0.85,0.46339837391561495,0.4472135954999579,0.47958315233127197,1.0,0.1,222.22222222222203,True,0.1,0.9,25.0,10000.0,0.938,0.139
compass.d.h+.case5.609,1 - 1 - 2103,301.03984399999996,1.3660254037844386,1.0,1.7320508075688772,0.028999999999999998,0.02,0.038,0.7749999999999999,0.7,0.85,0.4995991973009676,0.47958315233127197,0.5196152422706632,1.0,0.1,166.66666666666637,True,0.1,0.9,25.0,10000.0,0.938,0.139
compass.d.h+.case5.610,1 - 1 - 2103,301.03984399999996,1.3660254037844386,1.0,1.7320508075688772,0.028999999999999998,0.02,0.038,0.7749999999999999,0.7,0.85,0.5336688998879147,0.5196152422706632,0.5477225575051661,1.0,0.1,222.22222222222325,True,0.1,0.9,25.0,10000.0,0.938,0.139
compass.d.h+.case5.611,1 - 1 - 2103,301.03984399999996,1.3660254037844386,1.0,1.7320508075688772,0.028999999999999998,0.02,0.038,0.7749999999999999,0.7,0.85,0.5696652679075638,0.5477225575051661,0.5916079783099616,1.0,0.1,133.3333333333332,True,0.1,0.9,25.0,10000.0,0.938,0.139
compass.d.h+.case5.612,1 - 1 - 2103,301.03984399999996,1.3660254037844386,1.0,1.7320508075688772,0.028999999999999998,0.02,0.038,0.7749999999999999,0.7,0.85,0.6120317551718187,0.5916079783099616,0.6324555320336759,1.0,0.1,133.3333333333332,True,0.1,0.9,25.0,10000.0,0.938,0.139
compass.d.h+.case5.613,1 - 1 - 2103,301.03984399999996,1.3660254037844386,1.0,1.7320508075688772,0.028999999999999998,0.02,0.038,0.7749999999999999,0.7,0.85,0.6553442651731014,0.6324555320336759,0.6782329983125268,1.0,0.1,111.1111111111111,True,0.1,0.9,25.0,10000.0,0.938,0.139
compass.d.h+.case5.614,1 - 1 - 2103,301.03984399999996,1.3660254037844386,1.0,1.7320508075688772,0.028999999999999998,0.02,0.038,0.7749999999999999,0.7,0.85,0.6996716267026624,0.6782329983125268,0.7211102550927979,1.0,0.1,111.11111111111089,True,0.1,0.9,25.0,10000.0,0.938,0.139
compass.d.h+.case5.615,1 - 1 - 2103,301.03984399999996,1.3660254037844386,1.0,1.7320508075688772,0.028999999999999998,0.02,0.038,0.7749999999999999,0.7,0.85,0.7478534621671407,0.7211102550927979,0.7745966692414834,1.0,0.1,83.33333333333337,True,0.1,0.9,25.0,10000.0,0.938,0.139
compass.d.h+.case5.616,1 - 1 - 2103,301.03984399999996,1.3660254037844386,1.0,1.7320508075688772,0.028999999999999998,0.02,0.038,0.7749999999999999,0.7,0.85,0.7996088971825077,0.7745966692414834,0.8246211251235321,1.0,0.1,83.33333333333337,True,0.1,0.9,25.0,10000.0,0.938,0.139
compass.d.h+.case5.617,1 - 1 - 2103,301.03984399999996,1.3660254037844386,1.0,1.7320508075688772,0.028999999999999998,0.02,0.038,0.7749999999999999,0.7,0.85,0.8482004569158335,0.8246211251235321,0.8717797887081347,1.0,0.1,83.33333333333347,True,0.1,0.9,25.0,10000.0,0.938,0.139
compass.d.h+.case5.618,1 - 1 - 2103,301.03984399999996,1.3660254037844386,1.0,1.7320508075688772,0.028999999999999998,0.02,0.038,0.7749999999999999,0.7,0.85,0.902258847008508,0.8717797887081347,0.9327379053088815,1.0,0.1,60.6060606060606,True,0.1,0.9,25.0,10000.0,0.938,0.139
compass.d.h+.case5.619,1 - 1 - 2103,301.03984399999996,1.3660254037844386,1.0,1.7320508075688772,0.028999999999999998,0.02,0.038,0.7749999999999999,0.7,0.85,0.9663689526544408,0.9327379053088815,1.0,1.0,0.1,51.28205128205123,True,0.1,0.9,25.0,10000.0,0.938,0.139
compass.d.h+.case5.620,1 - 1 - 2103,301.03984399999996,1.3660254037844386,1.0,1.7320508075688772,0.028999999999999998,0.02,0.038,0.7749999999999999,0.7,0.85,1.029150262212918,1.0,1.0583005244258363,1.0,0.1,55.55555555555551,True,0.1,0.9,25.0,10000.0,0.938,0.139
compass.d.h+.case5.621,1 - 1 - 2103,301.03984399999996,1.3660254037844386,1.0,1.7320508075688772,0.028999999999999998,0.02,0.038,0.7749999999999999,0.7,0.85,1.0859266984959204,1.0583005244258363,1.1135528725660044,1.0,0.1,55.55555555555551,True,0.1,0.9,25.0,10000.0,0.938,0.139
compass.d.h+.case5.622,1 - 1 - 2103,301.03984399999996,1.3660254037844386,1.0,1.7320508075688772,0.028999999999999998,0.02,0.038,0.7749999999999999,0.7,0.85,1.1441434425065387,1.1135528725660044,1.174734012447073,1.0,0.1,47.61904761904764,True,0.1,0.9,25.0,10000.0,0.938,0.139
compass.d.h+.case5.623,1 - 1 - 2103,301.03984399999996,1.3660254037844386,1.0,1.7320508075688772,0.028999999999999998,0.02,0.038,0.7749999999999999,0.7,0.85,1.2038084065204342,1.174734012447073,1.2328828005937953,1.0,0.1,47.61904761904764,True,0.1,0.9,25.0,10000.0,0.938,0.139
compass.d.h+.case5.624,1 - 1 - 2103,301.03984399999996,1.3660254037844386,1.0,1.7320508075688772,0.028999999999999998,0.02,0.038,0.7749999999999999,0.7,0.85,1.2645154701376837,1.2328828005937953,1.296148139681572,1.0,0.1,41.666666666666735,True,0.1,0.9,25.0,10000.0,0.938,0.139
compass.d.h+.case5.625,1 - 1 - 2103,301.03984399999996,1.3660254037844386,1.0,1.7320508075688772,0.028999999999999998,0.02,0.038,0.7749999999999999,0.7,0.85,1.328147595277558,1.296148139681572,1.3601470508735443,1.0,0.1,39.215686274509764,True,0.1,0.9,25.0,10000.0,0.938,0.139
compass.d.h+.case5.626,1 - 1 - 2103,301.03984399999996,1.3660254037844386,1.0,1.7320508075688772,0.028999999999999998,0.02,0.038,0.7749999999999999,0.7,0.85,1.3959645786005899,1.3601470508735443,1.4317821063276353,1.0,0.1,33.333333333333336,True,0.1,0.9,25.0,10000.0,0.938,0.139
compass.d.h+.case5.627,1 - 1 - 2103,301.03984399999996,1.3660254037844386,1.0,1.7320508075688772,0.028999999999999998,0.02,0.038,0.7749999999999999,0.7,0.85,1.4823765390016121,1.4317821063276353,1.5329709716755893,1.0,0.1,22.2222222222222,True,0.1,0.9,25.0,10000.0,0.938,0.139
compass.d.h+.case5.628,1 - 1 - 2103,301.03984399999996,1.3660254037844386,1.0,1.7320508075688772,0.028999999999999998,0.02,0.038,0.7749999999999999,0.7,0.85,1.58042651564278,1.5329709716755893,1.6278820596099706,1.0,0.1,22.222222222222232,True,0.1,0.9,25.0,10000.0,0.938,0.139
compass.d.h+.case5.629,1 - 1 - 2103,301.03984399999996,1.3660254037844386,1.0,1.7320508075688772,0.028999999999999998,0.02,0.038,0.7749999999999999,0.7,0.85,1.6799664335894238,1.6278820596099706,1.7320508075688772,1.0,0.1,19.04761904761906,True,0.1,0.9,25.0,10000.0,0.938,0.139
compass.d.h+.case5.630,1 - 1 - 2103,301.03984399999996,1.3660254037844386,1.0,1.7320508075688772,0.084,0.038,0.13,0.15000000000000002,0.1,0.2,0.17071067811865476,0.1414213562373095,0.2,1.0,0.1,499.9999999999998,True,0.1,0.9,25.0,10000.0,0.938,0.139
compass.d.h+.case5.631,1 - 1 - 2103,301.03984399999996,1.3660254037844386,1.0,1.7320508075688772,0.084,0.038,0.13,0.15000000000000002,0.1,0.2,0.2224744871391589,0.2,0.2449489742783178,1.0,0.1,500.0000000000003,True,0.1,0.9,25.0,10000.0,0.938,0.139
compass.d.h+.case5.632,1 - 1 - 2103,301.03984399999996,1.3660254037844386,1.0,1.7320508075688772,0.084,0.038,0.13,0.15000000000000002,0.1,0.2,0.26389584337646843,0.2449489742783178,0.282842712474619,1.0,0.1,499.9999999999999,True,0.1,0.9,25.0,10000.0,0.938,0.139
compass.d.h+.case5.633,1 - 1 - 2103,301.03984399999996,1.3660254037844386,1.0,1.7320508075688772,0.084,0.038,0.13,0.15000000000000002,0.1,0.2,0.29953523924572845,0.282842712474619,0.31622776601683794,1.0,0.1,499.9999999999999,True,0.1,0.9,25.0,10000.0,0.938,0.139
compass.d.h+.case5.634,1 - 1 - 2103,301.03984399999996,1.3660254037844386,1.0,1.7320508075688772,0.084,0.038,0.13,0.15000000000000002,0.1,0.2,0.3313189637653067,0.31622776601683794,0.34641016151377546,1.0,0.1,500.0000000000003,True,0.1,0.9,25.0,10000.0,0.938,0.139
compass.d.h+.case5.635,1 - 1 - 2103,301.03984399999996,1.3660254037844386,1.0,1.7320508075688772,0.084,0.038,0.13,0.15000000000000002,0.1,0.2,0.3602879500955848,0.34641016151377546,0.37416573867739417,1.0,0.1,499.99999999999955,True,0.1,0.9,25.0,10000.0,0.938,0.139
compass.d.h+.case5.636,1 - 1 - 2103,301.03984399999996,1.3660254037844386,1.0,1.7320508075688772,0.084,0.038,0.13,0.15000000000000002,0.1,0.2,0.3932381506195801,0.37416573867739417,0.41231056256176607,1.0,0.1,333.3333333333333,True,0.1,0.9,25.0,10000.0,0.938,0.139
compass.d.h+.case5.637,1 - 1 - 2103,301.03984399999996,1.3660254037844386,1.0,1.7320508075688772,0.084,0.038,0.13,0.15000000000000002,0.1,0.2,0.429762079030862,0.41231056256176607,0.4472135954999579,1.0,0.1,333.3333333333336,True,0.1,0.9,25.0,10000.0,0.938,0.139
compass.d.h+.case5.638,1 - 1 - 2103,301.03984399999996,1.3660254037844386,1.0,1.7320508075688772,0.084,0.038,0.13,0.15000000000000002,0.1,0.2,0.46339837391561495,0.4472135954999579,0.47958315233127197,1.0,0.1,333.33333333333303,True,0.1,0.9,25.0,10000.0,0.938,0.139
compass.d.h+.case5.639,1 - 1 - 2103,301.03984399999996,1.3660254037844386,1.0,1.7320508075688772,0.084,0.038,0.13,0.15000000000000002,0.1,0.2,0.4995991973009676,0.47958315233127197,0.5196152422706632,1.0,0.1,249.9999999999996,True,0.1,0.9,25.0,10000.0,0.938,0.139
compass.d.h+.case5.640,1 - 1 - 2103,301.03984399999996,1.3660254037844386,1.0,1.7320508075688772,0.084,0.038,0.13,0.15000000000000002,0.1,0.2,0.5336688998879147,0.5196152422706632,0.5477225575051661,1.0,0.1,333.3333333333349,True,0.1,0.9,25.0,10000.0,0.938,0.139
compass.d.h+.case5.641,1 - 1 - 2103,301.03984399999996,1.3660254037844386,1.0,1.7320508075688772,0.084,0.038,0.13,0.15000000000000002,0.1,0.2,0.5696652679075638,0.5477225575051661,0.5916079783099616,1.0,0.1,199.9999999999998,True,0.1,0.9,25.0,10000.0,0.938,0.139
compass.d.h+.case5.642,1 - 1 - 2103,301.03984399999996,1.3660254037844386,1.0,1.7320508075688772,0.084,0.038,0.13,0.15000000000000002,0.1,0.2,0.6120317551718187,0.5916079783099616,0.6324555320336759,1.0,0.1,199.9999999999998,True,0.1,0.9,25.0,10000.0,0.938,0.139
compass.d.h+.case5.643,1 - 1 - 2103,301.03984399999996,1.3660254037844386,1.0,1.7320508075688772,0.084,0.038,0.13,0.15000000000000002,0.1,0.2,0.6553442651731014,0.6324555320336759,0.6782329983125268,1.0,0.1,166.66666666666666,True,0.1,0.9,25.0,10000.0,0.938,0.139
compass.d.h+.case5.644,1 - 1 - 2103,301.03984399999996,1.3660254037844386,1.0,1.7320508075688772,0.084,0.038,0.13,0.15000000000000002,0.1,0.2,0.6996716267026624,0.6782329983125268,0.7211102550927979,1.0,0.1,166.66666666666634,True,0.1,0.9,25.0,10000.0,0.938,0.139
compass.d.h+.case5.645,1 - 1 - 2103,301.03984399999996,1.3660254037844386,1.0,1.7320508075688772,0.084,0.038,0.13,0.15000000000000002,0.1,0.2,0.7478534621671407,0.7211102550927979,0.7745966692414834,1.0,0.1,125.00000000000007,True,0.1,0.9,25.0,10000.0,0.938,0.139
compass.d.h+.case5.646,1 - 1 - 2103,301.03984399999996,1.3660254037844386,1.0,1.7320508075688772,0.084,0.038,0.13,0.15000000000000002,0.1,0.2,0.7996088971825077,0.7745966692414834,0.8246211251235321,1.0,0.1,125.00000000000007,True,0.1,0.9,25.0,10000.0,0.938,0.139
compass.d.h+.case5.647,1 - 1 - 2103,301.03984399999996,1.3660254037844386,1.0,1.7320508075688772,0.084,0.038,0.13,0.15000000000000002,0.1,0.2,0.8482004569158335,0.8246211251235321,0.8717797887081347,1.0,0.1,125.00000000000023,True,0.1,0.9,25.0,10000.0,0.938,0.139
compass.d.h+.case5.648,1 - 1 - 2103,301.03984399999996,1.3660254037844386,1.0,1.7320508075688772,0.084,0.038,0.13,0.15000000000000002,0.1,0.2,0.902258847008508,0.8717797887081347,0.9327379053088815,1.0,0.1,90.9090909090909,True,0.1,0.9,25.0,10000.0,0.938,0.139
compass.d.h+.case5.649,1 - 1 - 2103,301.03984399999996,1.3660254037844386,1.0,1.7320508075688772,0.084,0.038,0.13,0.15000000000000002,0.1,0.2,0.9663689526544408,0.9327379053088815,1.0,1.0,0.1,76.92307692307685,True,0.1,0.9,25.0,10000.0,0.938,0.139
compass.d.h+.case5.650,1 - 1 - 2103,301.03984399999996,1.3660254037844386,1.0,1.7320508075688772,0.084,0.038,0.13,0.15000000000000002,0.1,0.2,1.029150262212918,1.0,1.0583005244258363,1.0,0.1,83.33333333333326,True,0.1,0.9,25.0,10000.0,0.938,0.139
compass.d.h+.case5.651,1 - 1 - 2103,301.03984399999996,1.3660254037844386,1.0,1.7320508075688772,0.084,0.038,0.13,0.15000000000000002,0.1,0.2,1.0859266984959204,1.0583005244258363,1.1135528725660044,1.0,0.1,83.33333333333326,True,0.1,0.9,25.0,10000.0,0.938,0.139
compass.d.h+.case5.652,1 - 1 - 2103,301.03984399999996,1.3660254037844386,1.0,1.7320508075688772,0.084,0.038,0.13,0.15000000000000002,0.1,0.2,1.1441434425065387,1.1135528725660044,1.174734012447073,1.0,0.1,71.42857142857147,True,0.1,0.9,25.0,10000.0,0.938,0.139
compass.d.h+.case5.653,1 - 1 - 2103,301.03984399999996,1.3660254037844386,1.0,1.7320508075688772,0.084,0.038,0.13,0.15000000000000002,0.1,0.2,1.2038084065204342,1.174734012447073,1.2328828005937953,1.0,0.1,71.42857142857147,True,0.1,0.9,25.0,10000.0,0.938,0.139
compass.d.h+.case5.654,1 - 1 - 2103,301.03984399999996,1.3660254037844386,1.0,1.7320508075688772,0.084,0.038,0.13,0.15000000000000002,0.1,0.2,1.2645154701376837,1.2328828005937953,1.296148139681572,1.0,0.1,62.500000000000114,True,0.1,0.9,25.0,10000.0,0.938,0.139
compass.d.h+.case5.655,1 - 1 - 2103,301.03984399999996,1.3660254037844386,1.0,1.7320508075688772,0.084,0.038,0.13,0.15000000000000002,0.1,0.2,1.328147595277558,1.296148139681572,1.3601470508735443,1.0,0.1,58.82352941176465,True,0.1,0.9,25.0,10000.0,0.938,0.139
compass.d.h+.case5.656,1 - 1 - 2103,301.03984399999996,1.3660254037844386,1.0,1.7320508075688772,0.084,0.038,0.13,0.15000000000000002,0.1,0.2,1.3959645786005899,1.3601470508735443,1.4317821063276353,1.0,0.1,50.00000000000001,True,0.1,0.9,25.0,10000.0,0.938,0.139
compass.d.h+.case5.657,1 - 1 - 2103,301.03984399999996,1.3660254037844386,1.0,1.7320508075688772,0.084,0.038,0.13,0.15000000000000002,0.1,0.2,1.4823765390016121,1.4317821063276353,1.5329709716755893,1.0,0.1,33.3333333333333,True,0.1,0.9,25.0,10000.0,0.938,0.139
compass.d.h+.case5.658,1 - 1 - 2103,301.03984399999996,1.3660254037844386,1.0,1.7320508075688772,0.084,0.038,0.13,0.15000000000000002,0.1,0.2,1.58042651564278,1.5329709716755893,1.6278820596099706,1.0,0.1,33.33333333333335,True,0.1,0.9,25.0,10000.0,0.938,0.139
compass.d.h+.case5.659,1 - 1 - 2103,301.03984399999996,1.3660254037844386,1.0,1.7320508075688772,0.084,0.038,0.13,0.15000000000000002,0.1,0.2,1.6799664335894238,1.6278820596099706,1.7320508075688772,1.0,0.1,28.571428571428598,True,0.1,0.9,25.0,10000.0,0.938,0.139
compass.d.h+.case5.660,1 - 1 - 2103,301.03984399999996,1.3660254037844386,1.0,1.7320508075688772,0.084,0.038,0.13,0.225,0.2,0.25,0.17071067811865476,0.1414213562373095,0.2,1.0,0.1,999.9999999999998,True,0.1,0.9,25.0,10000.0,0.938,0.139
compass.d.h+.case5.661,1 - 1 - 2103,301.03984399999996,1.3660254037844386,1.0,1.7320508075688772,0.084,0.038,0.13,0.225,0.2,0.25,0.2224744871391589,0.2,0.2449489742783178,1.0,0.1,1000.0000000000008,True,0.1,0.9,25.0,10000.0,0.938,0.139
compass.d.h+.case5.662,1 - 1 - 2103,301.03984399999996,1.3660254037844386,1.0,1.7320508075688772,0.084,0.038,0.13,0.225,0.2,0.25,0.26389584337646843,0.2449489742783178,0.282842712474619,1.0,0.1,1000.0000000000001,True,0.1,0.9,25.0,10000.0,0.938,0.139
compass.d.h+.case5.663,1 - 1 - 2103,301.03984399999996,1.3660254037844386,1.0,1.7320508075688772,0.084,0.038,0.13,0.225,0.2,0.25,0.29953523924572845,0.282842712474619,0.31622776601683794,1.0,0.1,1000.0000000000001,True,0.1,0.9,25.0,10000.0,0.938,0.139
compass.d.h+.case5.664,1 - 1 - 2103,301.03984399999996,1.3660254037844386,1.0,1.7320508075688772,0.084,0.038,0.13,0.225,0.2,0.25,0.3313189637653067,0.31622776601683794,0.34641016151377546,1.0,0.1,1000.0000000000008,True,0.1,0.9,25.0,10000.0,0.938,0.139
compass.d.h+.case5.665,1 - 1 - 2103,301.03984399999996,1.3660254037844386,1.0,1.7320508075688772,0.084,0.038,0.13,0.225,0.2,0.25,0.3602879500955848,0.34641016151377546,0.37416573867739417,1.0,0.1,999.9999999999993,True,0.1,0.9,25.0,10000.0,0.938,0.139
compass.d.h+.case5.666,1 - 1 - 2103,301.03984399999996,1.3660254037844386,1.0,1.7320508075688772,0.084,0.038,0.13,0.225,0.2,0.25,0.3932381506195801,0.37416573867739417,0.41231056256176607,1.0,0.1,666.6666666666669,True,0.1,0.9,25.0,10000.0,0.938,0.139
compass.d.h+.case5.667,1 - 1 - 2103,301.03984399999996,1.3660254037844386,1.0,1.7320508075688772,0.084,0.038,0.13,0.225,0.2,0.25,0.429762079030862,0.41231056256176607,0.4472135954999579,1.0,0.1,666.6666666666674,True,0.1,0.9,25.0,10000.0,0.938,0.139
compass.d.h+.case5.668,1 - 1 - 2103,301.03984399999996,1.3660254037844386,1.0,1.7320508075688772,0.084,0.038,0.13,0.225,0.2,0.25,0.46339837391561495,0.4472135954999579,0.47958315233127197,1.0,0.1,666.6666666666663,True,0.1,0.9,25.0,10000.0,0.938,0.139
compass.d.h+.case5.669,1 - 1 - 2103,301.03984399999996,1.3660254037844386,1.0,1.7320508075688772,0.084,0.038,0.13,0.225,0.2,0.25,0.4995991973009676,0.47958315233127197,0.5196152422706632,1.0,0.1,499.9999999999993,True,0.1,0.9,25.0,10000.0,0.938,0.139
compass.d.h+.case5.670,1 - 1 - 2103,301.03984399999996,1.3660254037844386,1.0,1.7320508075688772,0.084,0.038,0.13,0.225,0.2,0.25,0.5336688998879147,0.5196152422706632,0.5477225575051661,1.0,0.1,666.66666666667,True,0.1,0.9,25.0,10000.0,0.938,0.139
compass.d.h+.case5.671,1 - 1 - 2103,301.03984399999996,1.3660254037844386,1.0,1.7320508075688772,0.084,0.038,0.13,0.225,0.2,0.25,0.5696652679075638,0.5477225575051661,0.5916079783099616,1.0,0.1,399.9999999999997,True,0.1,0.9,25.0,10000.0,0.938,0.139
compass.d.h+.case5.672,1 - 1 - 2103,301.03984399999996,1.3660254037844386,1.0,1.7320508075688772,0.084,0.038,0.13,0.225,0.2,0.25,0.6120317551718187,0.5916079783099616,0.6324555320336759,1.0,0.1,399.9999999999997,True,0.1,0.9,25.0,10000.0,0.938,0.139
compass.d.h+.case5.673,1 - 1 - 2103,301.03984399999996,1.3660254037844386,1.0,1.7320508075688772,0.084,0.038,0.13,0.225,0.2,0.25,0.6553442651731014,0.6324555320336759,0.6782329983125268,1.0,0.1,333.3333333333334,True,0.1,0.9,25.0,10000.0,0.938,0.139
compass.d.h+.case5.674,1 - 1 - 2103,301.03984399999996,1.3660254037844386,1.0,1.7320508075688772,0.084,0.038,0.13,0.225,0.2,0.25,0.6996716267026624,0.6782329983125268,0.7211102550927979,1.0,0.1,333.3333333333328,True,0.1,0.9,25.0,10000.0,0.938,0.139
compass.d.h+.case5.675,1 - 1 - 2103,301.03984399999996,1.3660254037844386,1.0,1.7320508075688772,0.084,0.038,0.13,0.225,0.2,0.25,0.7478534621671407,0.7211102550927979,0.7745966692414834,1.0,0.1,250.0000000000002,True,0.1,0.9,25.0,10000.0,0.938,0.139
compass.d.h+.case5.676,1 - 1 - 2103,301.03984399999996,1.3660254037844386,1.0,1.7320508075688772,0.084,0.038,0.13,0.225,0.2,0.25,0.7996088971825077,0.7745966692414834,0.8246211251235321,1.0,0.1,250.0000000000002,True,0.1,0.9,25.0,10000.0,0.938,0.139
compass.d.h+.case5.677,1 - 1 - 2103,301.03984399999996,1.3660254037844386,1.0,1.7320508075688772,0.084,0.038,0.13,0.225,0.2,0.25,0.8482004569158335,0.8246211251235321,0.8717797887081347,1.0,0.1,250.0000000000005,True,0.1,0.9,25.0,10000.0,0.938,0.139
compass.d.h+.case5.678,1 - 1 - 2103,301.03984399999996,1.3660254037844386,1.0,1.7320508075688772,0.084,0.038,0.13,0.225,0.2,0.25,0.902258847008508,0.8717797887081347,0.9327379053088815,1.0,0.1,181.81818181818187,True,0.1,0.9,25.0,10000.0,0.938,0.139
compass.d.h+.case5.679,1 - 1 - 2103,301.03984399999996,1.3660254037844386,1.0,1.7320508075688772,0.084,0.038,0.13,0.225,0.2,0.25,0.9663689526544408,0.9327379053088815,1.0,1.0,0.1,153.84615384615375,True,0.1,0.9,25.0,10000.0,0.938,0.139
compass.d.h+.case5.680,1 - 1 - 2103,301.03984399999996,1.3660254037844386,1.0,1.7320508075688772,0.084,0.038,0.13,0.225,0.2,0.25,1.029150262212918,1.0,1.0583005244258363,1.0,0.1,166.66666666666657,True,0.1,0.9,25.0,10000.0,0.938,0.139
compass.d.h+.case5.681,1 - 1 - 2103,301.03984399999996,1.3660254037844386,1.0,1.7320508075688772,0.084,0.038,0.13,0.225,0.2,0.25,1.0859266984959204,1.0583005244258363,1.1135528725660044,1.0,0.1,166.66666666666657,True,0.1,0.9,25.0,10000.0,0.938,0.139
compass.d.h+.case5.682,1 - 1 - 2103,301.03984399999996,1.3660254037844386,1.0,1.7320508075688772,0.084,0.038,0.13,0.225,0.2,0.25,1.1441434425065387,1.1135528725660044,1.174734012447073,1.0,0.1,142.85714285714297,True,0.1,0.9,25.0,10000.0,0.938,0.139
compass.d.h+.case5.683,1 - 1 - 2103,301.03984399999996,1.3660254037844386,1.0,1.7320508075688772,0.084,0.038,0.13,0.225,0.2,0.25,1.2038084065204342,1.174734012447073,1.2328828005937953,1.0,0.1,142.85714285714297,True,0.1,0.9,25.0,10000.0,0.938,0.139
compass.d.h+.case5.684,1 - 1 - 2103,301.03984399999996,1.3660254037844386,1.0,1.7320508075688772,0.084,0.038,0.13,0.225,0.2,0.25,1.2645154701376837,1.2328828005937953,1.296148139681572,1.0,0.1,125.00000000000026,True,0.1,0.9,25.0,10000.0,0.938,0.139
compass.d.h+.case5.685,1 - 1 - 2103,301.03984399999996,1.3660254037844386,1.0,1.7320508075688772,0.084,0.038,0.13,0.225,0.2,0.25,1.328147595277558,1.296148139681572,1.3601470508735443,1.0,0.1,117.64705882352933,True,0.1,0.9,25.0,10000.0,0.938,0.139
compass.d.h+.case5.686,1 - 1 - 2103,301.03984399999996,1.3660254037844386,1.0,1.7320508075688772,0.084,0.038,0.13,0.225,0.2,0.25,1.3959645786005899,1.3601470508735443,1.4317821063276353,1.0,0.1,100.00000000000004,True,0.1,0.9,25.0,10000.0,0.938,0.139
compass.d.h+.case5.687,1 - 1 - 2103,301.03984399999996,1.3660254037844386,1.0,1.7320508075688772,0.084,0.038,0.13,0.225,0.2,0.25,1.4823765390016121,1.4317821063276353,1.5329709716755893,1.0,0.1,66.66666666666663,True,0.1,0.9,25.0,10000.0,0.938,0.139
compass.d.h+.case5.688,1 - 1 - 2103,301.03984399999996,1.3660254037844386,1.0,1.7320508075688772,0.084,0.038,0.13,0.225,0.2,0.25,1.58042651564278,1.5329709716755893,1.6278820596099706,1.0,0.1,66.66666666666671,True,0.1,0.9,25.0,10000.0,0.938,0.139
compass.d.h+.case5.689,1 - 1 - 2103,301.03984399999996,1.3660254037844386,1.0,1.7320508075688772,0.084,0.038,0.13,0.225,0.2,0.25,1.6799664335894238,1.6278820596099706,1.7320508075688772,1.0,0.1,57.14285714285721,True,0.1,0.9,25.0,10000.0,0.938,0.139
compass.d.h+.case5.690,1 - 1 - 2103,301.03984399999996,1.3660254037844386,1.0,1.7320508075688772,0.084,0.038,0.13,0.275,0.25,0.3,0.17071067811865476,0.1414213562373095,0.2,1.0,0.1,999.9999999999998,True,0.1,0.9,25.0,10000.0,0.938,0.139
compass.d.h+.case5.691,1 - 1 - 2103,301.03984399999996,1.3660254037844386,1.0,1.7320508075688772,0.084,0.038,0.13,0.275,0.25,0.3,0.2224744871391589,0.2,0.2449489742783178,1.0,0.1,1000.0000000000008,True,0.1,0.9,25.0,10000.0,0.938,0.139
compass.d.h+.case5.692,1 - 1 - 2103,301.03984399999996,1.3660254037844386,1.0,1.7320508075688772,0.084,0.038,0.13,0.275,0.25,0.3,0.26389584337646843,0.2449489742783178,0.282842712474619,1.0,0.1,1000.0000000000001,True,0.1,0.9,25.0,10000.0,0.938,0.139
compass.d.h+.case5.693,1 - 1 - 2103,301.03984399999996,1.3660254037844386,1.0,1.7320508075688772,0.084,0.038,0.13,0.275,0.25,0.3,0.29953523924572845,0.282842712474619,0.31622776601683794,1.0,0.1,1000.0000000000001,True,0.1,0.9,25.0,10000.0,0.938,0.139
compass.d.h+.case5.694,1 - 1 - 2103,301.03984399999996,1.3660254037844386,1.0,1.7320508075688772,0.084,0.038,0.13,0.275,0.25,0.3,0.3313189637653067,0.31622776601683794,0.34641016151377546,1.0,0.1,1000.0000000000008,True,0.1,0.9,25.0,10000.0,0.938,0.139
compass.d.h+.case5.695,1 - 1 - 2103,301.03984399999996,1.3660254037844386,1.0,1.7320508075688772,0.084,0.038,0.13,0.275,0.25,0.3,0.3602879500955848,0.34641016151377546,0.37416573867739417,1.0,0.1,999.9999999999993,True,0.1,0.9,25.0,10000.0,0.938,0.139
compass.d.h+.case5.696,1 - 1 - 2103,301.03984399999996,1.3660254037844386,1.0,1.7320508075688772,0.084,0.038,0.13,0.275,0.25,0.3,0.3932381506195801,0.37416573867739417,0.41231056256176607,1.0,0.1,666.6666666666669,True,0.1,0.9,25.0,10000.0,0.938,0.139
compass.d.h+.case5.697,1 - 1 - 2103,301.03984399999996,1.3660254037844386,1.0,1.7320508075688772,0.084,0.038,0.13,0.275,0.25,0.3,0.429762079030862,0.41231056256176607,0.4472135954999579,1.0,0.1,666.6666666666674,True,0.1,0.9,25.0,10000.0,0.938,0.139
compass.d.h+.case5.698,1 - 1 - 2103,301.03984399999996,1.3660254037844386,1.0,1.7320508075688772,0.084,0.038,0.13,0.275,0.25,0.3,0.46339837391561495,0.4472135954999579,0.47958315233127197,1.0,0.1,666.6666666666663,True,0.1,0.9,25.0,10000.0,0.938,0.139
compass.d.h+.case5.699,1 - 1 - 2103,301.03984399999996,1.3660254037844386,1.0,1.7320508075688772,0.084,0.038,0.13,0.275,0.25,0.3,0.4995991973009676,0.47958315233127197,0.5196152422706632,1.0,0.1,499.9999999999993,True,0.1,0.9,25.0,10000.0,0.938,0.139
compass.d.h+.case5.700,1 - 1 - 2103,301.03984399999996,1.3660254037844386,1.0,1.7320508075688772,0.084,0.038,0.13,0.275,0.25,0.3,0.5336688998879147,0.5196152422706632,0.5477225575051661,1.0,0.1,666.66666666667,True,0.1,0.9,25.0,10000.0,0.938,0.139
compass.d.h+.case5.701,1 - 1 - 2103,301.03984399999996,1.3660254037844386,1.0,1.7320508075688772,0.084,0.038,0.13,0.275,0.25,0.3,0.5696652679075638,0.5477225575051661,0.5916079783099616,1.0,0.1,399.9999999999997,True,0.1,0.9,25.0,10000.0,0.938,0.139
compass.d.h+.case5.702,1 - 1 - 2103,301.03984399999996,1.3660254037844386,1.0,1.7320508075688772,0.084,0.038,0.13,0.275,0.25,0.3,0.6120317551718187,0.5916079783099616,0.6324555320336759,1.0,0.1,399.9999999999997,True,0.1,0.9,25.0,10000.0,0.938,0.139
compass.d.h+.case5.703,1 - 1 - 2103,301.03984399999996,1.3660254037844386,1.0,1.7320508075688772,0.084,0.038,0.13,0.275,0.25,0.3,0.6553442651731014,0.6324555320336759,0.6782329983125268,1.0,0.1,333.3333333333334,True,0.1,0.9,25.0,10000.0,0.938,0.139
compass.d.h+.case5.704,1 - 1 - 2103,301.03984399999996,1.3660254037844386,1.0,1.7320508075688772,0.084,0.038,0.13,0.275,0.25,0.3,0.6996716267026624,0.6782329983125268,0.7211102550927979,1.0,0.1,333.3333333333328,True,0.1,0.9,25.0,10000.0,0.938,0.139
compass.d.h+.case5.705,1 - 1 - 2103,301.03984399999996,1.3660254037844386,1.0,1.7320508075688772,0.084,0.038,0.13,0.275,0.25,0.3,0.7478534621671407,0.7211102550927979,0.7745966692414834,1.0,0.1,250.0000000000002,True,0.1,0.9,25.0,10000.0,0.938,0.139
compass.d.h+.case5.706,1 - 1 - 2103,301.03984399999996,1.3660254037844386,1.0,1.7320508075688772,0.084,0.038,0.13,0.275,0.25,0.3,0.7996088971825077,0.7745966692414834,0.8246211251235321,1.0,0.1,250.0000000000002,True,0.1,0.9,25.0,10000.0,0.938,0.139
compass.d.h+.case5.707,1 - 1 - 2103,301.03984399999996,1.3660254037844386,1.0,1.7320508075688772,0.084,0.038,0.13,0.275,0.25,0.3,0.8482004569158335,0.8246211251235321,0.8717797887081347,1.0,0.1,250.0000000000005,True,0.1,0.9,25.0,10000.0,0.938,0.139
compass.d.h+.case5.708,1 - 1 - 2103,301.03984399999996,1.3660254037844386,1.0,1.7320508075688772,0.084,0.038,0.13,0.275,0.25,0.3,0.902258847008508,0.8717797887081347,0.9327379053088815,1.0,0.1,181.81818181818187,True,0.1,0.9,25.0,10000.0,0.938,0.139
compass.d.h+.case5.709,1 - 1 - 2103,301.03984399999996,1.3660254037844386,1.0,1.7320508075688772,0.084,0.038,0.13,0.275,0.25,0.3,0.9663689526544408,0.9327379053088815,1.0,1.0,0.1,153.84615384615375,True,0.1,0.9,25.0,10000.0,0.938,0.139
compass.d.h+.case5.710,1 - 1 - 2103,301.03984399999996,1.3660254037844386,1.0,1.7320508075688772,0.084,0.038,0.13,0.275,0.25,0.3,1.029150262212918,1.0,1.0583005244258363,1.0,0.1,166.66666666666657,True,0.1,0.9,25.0,10000.0,0.938,0.139
compass.d.h+.case5.711,1 - 1 - 2103,301.03984399999996,1.3660254037844386,1.0,1.7320508075688772,0.084,0.038,0.13,0.275,0.25,0.3,1.0859266984959204,1.0583005244258363,1.1135528725660044,1.0,0.1,166.66666666666657,True,0.1,0.9,25.0,10000.0,0.938,0.139
compass.d.h+.case5.712,1 - 1 - 2103,301.03984399999996,1.3660254037844386,1.0,1.7320508075688772,0.084,0.038,0.13,0.275,0.25,0.3,1.1441434425065387,1.1135528725660044,1.174734012447073,1.0,0.1,142.85714285714297,True,0.1,0.9,25.0,10000.0,0.938,0.139
compass.d.h+.case5.713,1 - 1 - 2103,301.03984399999996,1.3660254037844386,1.0,1.7320508075688772,0.084,0.038,0.13,0.275,0.25,0.3,1.2038084065204342,1.174734012447073,1.2328828005937953,1.0,0.1,142.85714285714297,True,0.1,0.9,25.0,10000.0,0.938,0.139
compass.d.h+.case5.714,1 - 1 - 2103,301.03984399999996,1.3660254037844386,1.0,1.7320508075688772,0.084,0.038,0.13,0.275,0.25,0.3,1.2645154701376837,1.2328828005937953,1.296148139681572,1.0,0.1,125.00000000000026,True,0.1,0.9,25.0,10000.0,0.938,0.139
compass.d.h+.case5.715,1 - 1 - 2103,301.03984399999996,1.3660254037844386,1.0,1.7320508075688772,0.084,0.038,0.13,0.275,0.25,0.3,1.328147595277558,1.296148139681572,1.3601470508735443,1.0,0.1,117.64705882352933,True,0.1,0.9,25.0,10000.0,0.938,0.139
compass.d.h+.case5.716,1 - 1 - 2103,301.03984399999996,1.3660254037844386,1.0,1.7320508075688772,0.084,0.038,0.13,0.275,0.25,0.3,1.3959645786005899,1.3601470508735443,1.4317821063276353,1.0,0.1,100.00000000000004,True,0.1,0.9,25.0,10000.0,0.938,0.139
compass.d.h+.case5.717,1 - 1 - 2103,301.03984399999996,1.3660254037844386,1.0,1.7320508075688772,0.084,0.038,0.13,0.275,0.25,0.3,1.4823765390016121,1.4317821063276353,1.5329709716755893,1.0,0.1,66.66666666666663,True,0.1,0.9,25.0,10000.0,0.938,0.139
compass.d.h+.case5.718,1 - 1 - 2103,301.03984399999996,1.3660254037844386,1.0,1.7320508075688772,0.084,0.038,0.13,0.275,0.25,0.3,1.58042651564278,1.5329709716755893,1.6278820596099706,1.0,0.1,66.66666666666671,True,0.1,0.9,25.0,10000.0,0.938,0.139
compass.d.h+.case5.719,1 - 1 - 2103,301.03984399999996,1.3660254037844386,1.0,1.7320508075688772,0.084,0.038,0.13,0.275,0.25,0.3,1.6799664335894238,1.6278820596099706,1.7320508075688772,1.0,0.1,57.14285714285721,True,0.1,0.9,25.0,10000.0,0.938,0.139
compass.d.h+.case5.720,1 - 1 - 2103,301.03984399999996,1.3660254037844386,1.0,1.7320508075688772,0.084,0.038,0.13,0.35,0.3,0.4,0.17071067811865476,0.1414213562373095,0.2,1.0,0.1,499.9999999999996,True,0.1,0.9,25.0,10000.0,0.938,0.139
compass.d.h+.case5.721,1 - 1 - 2103,301.03984399999996,1.3660254037844386,1.0,1.7320508075688772,0.084,0.038,0.13,0.35,0.3,0.4,0.2224744871391589,0.2,0.2449489742783178,1.0,0.1,500.0000000000001,True,0.1,0.9,25.0,10000.0,0.938,0.139
compass.d.h+.case5.722,1 - 1 - 2103,301.03984399999996,1.3660254037844386,1.0,1.7320508075688772,0.084,0.038,0.13,0.35,0.3,0.4,0.26389584337646843,0.2449489742783178,0.282842712474619,1.0,0.1,499.9999999999998,True,0.1,0.9,25.0,10000.0,0.938,0.139
compass.d.h+.case5.723,1 - 1 - 2103,301.03984399999996,1.3660254037844386,1.0,1.7320508075688772,0.084,0.038,0.13,0.35,0.3,0.4,0.29953523924572845,0.282842712474619,0.31622776601683794,1.0,0.1,499.9999999999998,True,0.1,0.9,25.0,10000.0,0.938,0.139
compass.d.h+.case5.724,1 - 1 - 2103,301.03984399999996,1.3660254037844386,1.0,1.7320508075688772,0.084,0.038,0.13,0.35,0.3,0.4,0.3313189637653067,0.31622776601683794,0.34641016151377546,1.0,0.1,500.0000000000001,True,0.1,0.9,25.0,10000.0,0.938,0.139
compass.d.h+.case5.725,1 - 1 - 2103,301.03984399999996,1.3660254037844386,1.0,1.7320508075688772,0.084,0.038,0.13,0.35,0.3,0.4,0.3602879500955848,0.34641016151377546,0.37416573867739417,1.0,0.1,499.99999999999943,True,0.1,0.9,25.0,10000.0,0.938,0.139
compass.d.h+.case5.726,1 - 1 - 2103,301.03984399999996,1.3660254037844386,1.0,1.7320508075688772,0.084,0.038,0.13,0.35,0.3,0.4,0.3932381506195801,0.37416573867739417,0.41231056256176607,1.0,0.1,333.33333333333326,True,0.1,0.9,25.0,10000.0,0.938,0.139
compass.d.h+.case5.727,1 - 1 - 2103,301.03984399999996,1.3660254037844386,1.0,1.7320508075688772,0.084,0.038,0.13,0.35,0.3,0.4,0.429762079030862,0.41231056256176607,0.4472135954999579,1.0,0.1,333.33333333333354,True,0.1,0.9,25.0,10000.0,0.938,0.139
compass.d.h+.case5.728,1 - 1 - 2103,301.03984399999996,1.3660254037844386,1.0,1.7320508075688772,0.084,0.038,0.13,0.35,0.3,0.4,0.46339837391561495,0.4472135954999579,0.47958315233127197,1.0,0.1,333.333333333333,True,0.1,0.9,25.0,10000.0,0.938,0.139
compass.d.h+.case5.729,1 - 1 - 2103,301.03984399999996,1.3660254037844386,1.0,1.7320508075688772,0.084,0.038,0.13,0.35,0.3,0.4,0.4995991973009676,0.47958315233127197,0.5196152422706632,1.0,0.1,249.99999999999952,True,0.1,0.9,25.0,10000.0,0.938,0.139
compass.d.h+.case5.730,1 - 1 - 2103,301.03984399999996,1.3660254037844386,1.0,1.7320508075688772,0.084,0.038,0.13,0.35,0.3,0.4,0.5336688998879147,0.5196152422706632,0.5477225575051661,1.0,0.1,333.3333333333348,True,0.1,0.9,25.0,10000.0,0.938,0.139
compass.d.h+.case5.731,1 - 1 - 2103,301.03984399999996,1.3660254037844386,1.0,1.7320508075688772,0.084,0.038,0.13,0.35,0.3,0.4,0.5696652679075638,0.5477225575051661,0.5916079783099616,1.0,0.1,199.99999999999974,True,0.1,0.9,25.0,10000.0,0.938,0.139
compass.d.h+.case5.732,1 - 1 - 2103,301.03984399999996,1.3660254037844386,1.0,1.7320508075688772,0.084,0.038,0.13,0.35,0.3,0.4,0.6120317551718187,0.5916079783099616,0.6324555320336759,1.0,0.1,199.99999999999974,True,0.1,0.9,25.0,10000.0,0.938,0.139
compass.d.h+.case5.733,1 - 1 - 2103,301.03984399999996,1.3660254037844386,1.0,1.7320508075688772,0.084,0.038,0.13,0.35,0.3,0.4,0.6553442651731014,0.6324555320336759,0.6782329983125268,1.0,0.1,166.66666666666663,True,0.1,0.9,25.0,10000.0,0.938,0.139
compass.d.h+.case5.734,1 - 1 - 2103,301.03984399999996,1.3660254037844386,1.0,1.7320508075688772,0.084,0.038,0.13,0.35,0.3,0.4,0.6996716267026624,0.6782329983125268,0.7211102550927979,1.0,0.1,166.66666666666632,True,0.1,0.9,25.0,10000.0,0.938,0.139
compass.d.h+.case5.735,1 - 1 - 2103,301.03984399999996,1.3660254037844386,1.0,1.7320508075688772,0.084,0.038,0.13,0.35,0.3,0.4,0.7478534621671407,0.7211102550927979,0.7745966692414834,1.0,0.1,125.00000000000003,True,0.1,0.9,25.0,10000.0,0.938,0.139
compass.d.h+.case5.736,1 - 1 - 2103,301.03984399999996,1.3660254037844386,1.0,1.7320508075688772,0.084,0.038,0.13,0.35,0.3,0.4,0.7996088971825077,0.7745966692414834,0.8246211251235321,1.0,0.1,125.00000000000003,True,0.1,0.9,25.0,10000.0,0.938,0.139
compass.d.h+.case5.737,1 - 1 - 2103,301.03984399999996,1.3660254037844386,1.0,1.7320508075688772,0.084,0.038,0.13,0.35,0.3,0.4,0.8482004569158335,0.8246211251235321,0.8717797887081347,1.0,0.1,125.00000000000018,True,0.1,0.9,25.0,10000.0,0.938,0.139
compass.d.h+.case5.738,1 - 1 - 2103,301.03984399999996,1.3660254037844386,1.0,1.7320508075688772,0.084,0.038,0.13,0.35,0.3,0.4,0.902258847008508,0.8717797887081347,0.9327379053088815,1.0,0.1,90.90909090909089,True,0.1,0.9,25.0,10000.0,0.938,0.139
compass.d.h+.case5.739,1 - 1 - 2103,301.03984399999996,1.3660254037844386,1.0,1.7320508075688772,0.084,0.038,0.13,0.35,0.3,0.4,0.9663689526544408,0.9327379053088815,1.0,1.0,0.1,76.92307692307683,True,0.1,0.9,25.0,10000.0,0.938,0.139
compass.d.h+.case5.740,1 - 1 - 2103,301.03984399999996,1.3660254037844386,1.0,1.7320508075688772,0.084,0.038,0.13,0.35,0.3,0.4,1.029150262212918,1.0,1.0583005244258363,1.0,0.1,83.33333333333324,True,0.1,0.9,25.0,10000.0,0.938,0.139
compass.d.h+.case5.741,1 - 1 - 2103,301.03984399999996,1.3660254037844386,1.0,1.7320508075688772,0.084,0.038,0.13,0.35,0.3,0.4,1.0859266984959204,1.0583005244258363,1.1135528725660044,1.0,0.1,83.33333333333324,True,0.1,0.9,25.0,10000.0,0.938,0.139
compass.d.h+.case5.742,1 - 1 - 2103,301.03984399999996,1.3660254037844386,1.0,1.7320508075688772,0.084,0.038,0.13,0.35,0.3,0.4,1.1441434425065387,1.1135528725660044,1.174734012447073,1.0,0.1,71.42857142857146,True,0.1,0.9,25.0,10000.0,0.938,0.139
compass.d.h+.case5.743,1 - 1 - 2103,301.03984399999996,1.3660254037844386,1.0,1.7320508075688772,0.084,0.038,0.13,0.35,0.3,0.4,1.2038084065204342,1.174734012447073,1.2328828005937953,1.0,0.1,71.42857142857146,True,0.1,0.9,25.0,10000.0,0.938,0.139
compass.d.h+.case5.744,1 - 1 - 2103,301.03984399999996,1.3660254037844386,1.0,1.7320508075688772,0.084,0.038,0.13,0.35,0.3,0.4,1.2645154701376837,1.2328828005937953,1.296148139681572,1.0,0.1,62.50000000000009,True,0.1,0.9,25.0,10000.0,0.938,0.139
compass.d.h+.case5.745,1 - 1 - 2103,301.03984399999996,1.3660254037844386,1.0,1.7320508075688772,0.084,0.038,0.13,0.35,0.3,0.4,1.328147595277558,1.296148139681572,1.3601470508735443,1.0,0.1,58.82352941176464,True,0.1,0.9,25.0,10000.0,0.938,0.139
compass.d.h+.case5.746,1 - 1 - 2103,301.03984399999996,1.3660254037844386,1.0,1.7320508075688772,0.084,0.038,0.13,0.35,0.3,0.4,1.3959645786005899,1.3601470508735443,1.4317821063276353,1.0,0.1,49.99999999999999,True,0.1,0.9,25.0,10000.0,0.938,0.139
compass.d.h+.case5.747,1 - 1 - 2103,301.03984399999996,1.3660254037844386,1.0,1.7320508075688772,0.084,0.038,0.13,0.35,0.3,0.4,1.4823765390016121,1.4317821063276353,1.5329709716755893,1.0,0.1,33.33333333333329,True,0.1,0.9,25.0,10000.0,0.938,0.139
compass.d.h+.case5.748,1 - 1 - 2103,301.03984399999996,1.3660254037844386,1.0,1.7320508075688772,0.084,0.038,0.13,0.35,0.3,0.4,1.58042651564278,1.5329709716755893,1.6278820596099706,1.0,0.1,33.33333333333334,True,0.1,0.9,25.0,10000.0,0.938,0.139
compass.d.h+.case5.749,1 - 1 - 2103,301.03984399999996,1.3660254037844386,1.0,1.7320508075688772,0.084,0.038,0.13,0.35,0.3,0.4,1.6799664335894238,1.6278820596099706,1.7320508075688772,1.0,0.1,28.57142857142859,True,0.1,0.9,25.0,10000.0,0.938,0.139
compass.d.h+.case5.750,1 - 1 - 2103,301.03984399999996,1.3660254037844386,1.0,1.7320508075688772,0.084,0.038,0.13,0.47500000000000003,0.4,0.55,0.17071067811865476,0.1414213562373095,0.2,1.0,0.1,333.33333333333314,True,0.1,0.9,25.0,10000.0,0.938,0.139
compass.d.h+.case5.751,1 - 1 - 2103,301.03984399999996,1.3660254037844386,1.0,1.7320508075688772,0.084,0.038,0.13,0.47500000000000003,0.4,0.55,0.2224744871391589,0.2,0.2449489742783178,1.0,0.1,333.3333333333335,True,0.1,0.9,25.0,10000.0,0.938,0.139
compass.d.h+.case5.752,1 - 1 - 2103,301.03984399999996,1.3660254037844386,1.0,1.7320508075688772,0.084,0.038,0.13,0.47500000000000003,0.4,0.55,0.26389584337646843,0.2449489742783178,0.282842712474619,1.0,0.1,333.33333333333326,True,0.1,0.9,25.0,10000.0,0.938,0.139
compass.d.h+.case5.753,1 - 1 - 2103,301.03984399999996,1.3660254037844386,1.0,1.7320508075688772,0.084,0.038,0.13,0.47500000000000003,0.4,0.55,0.29953523924572845,0.282842712474619,0.31622776601683794,1.0,0.1,333.33333333333326,True,0.1,0.9,25.0,10000.0,0.938,0.139
compass.d.h+.case5.754,1 - 1 - 2103,301.03984399999996,1.3660254037844386,1.0,1.7320508075688772,0.084,0.038,0.13,0.47500000000000003,0.4,0.55,0.3313189637653067,0.31622776601683794,0.34641016151377546,1.0,0.1,333.3333333333335,True,0.1,0.9,25.0,10000.0,0.938,0.139
compass.d.h+.case5.755,1 - 1 - 2103,301.03984399999996,1.3660254037844386,1.0,1.7320508075688772,0.084,0.038,0.13,0.47500000000000003,0.4,0.55,0.3602879500955848,0.34641016151377546,0.37416573867739417,1.0,0.1,333.333333333333,True,0.1,0.9,25.0,10000.0,0.938,0.139
compass.d.h+.case5.756,1 - 1 - 2103,301.03984399999996,1.3660254037844386,1.0,1.7320508075688772,0.084,0.038,0.13,0.47500000000000003,0.4,0.55,0.3932381506195801,0.37416573867739417,0.41231056256176607,1.0,0.1,222.2222222222222,True,0.1,0.9,25.0,10000.0,0.938,0.139
compass.d.h+.case5.757,1 - 1 - 2103,301.03984399999996,1.3660254037844386,1.0,1.7320508075688772,0.084,0.038,0.13,0.47500000000000003,0.4,0.55,0.429762079030862,0.41231056256176607,0.4472135954999579,1.0,0.1,222.2222222222224,True,0.1,0.9,25.0,10000.0,0.938,0.139
compass.d.h+.case5.758,1 - 1 - 2103,301.03984399999996,1.3660254037844386,1.0,1.7320508075688772,0.084,0.038,0.13,0.47500000000000003,0.4,0.55,0.46339837391561495,0.4472135954999579,0.47958315233127197,1.0,0.1,222.22222222222203,True,0.1,0.9,25.0,10000.0,0.938,0.139
compass.d.h+.case5.759,1 - 1 - 2103,301.03984399999996,1.3660254037844386,1.0,1.7320508075688772,0.084,0.038,0.13,0.47500000000000003,0.4,0.55,0.4995991973009676,0.47958315233127197,0.5196152422706632,1.0,0.1,166.66666666666637,True,0.1,0.9,25.0,10000.0,0.938,0.139
compass.d.h+.case5.760,1 - 1 - 2103,301.03984399999996,1.3660254037844386,1.0,1.7320508075688772,0.084,0.038,0.13,0.47500000000000003,0.4,0.55,0.5336688998879147,0.5196152422706632,0.5477225575051661,1.0,0.1,222.22222222222325,True,0.1,0.9,25.0,10000.0,0.938,0.139
compass.d.h+.case5.761,1 - 1 - 2103,301.03984399999996,1.3660254037844386,1.0,1.7320508075688772,0.084,0.038,0.13,0.47500000000000003,0.4,0.55,0.5696652679075638,0.5477225575051661,0.5916079783099616,1.0,0.1,133.3333333333332,True,0.1,0.9,25.0,10000.0,0.938,0.139
compass.d.h+.case5.762,1 - 1 - 2103,301.03984399999996,1.3660254037844386,1.0,1.7320508075688772,0.084,0.038,0.13,0.47500000000000003,0.4,0.55,0.6120317551718187,0.5916079783099616,0.6324555320336759,1.0,0.1,133.3333333333332,True,0.1,0.9,25.0,10000.0,0.938,0.139
compass.d.h+.case5.763,1 - 1 - 2103,301.03984399999996,1.3660254037844386,1.0,1.7320508075688772,0.084,0.038,0.13,0.47500000000000003,0.4,0.55,0.6553442651731014,0.6324555320336759,0.6782329983125268,1.0,0.1,111.1111111111111,True,0.1,0.9,25.0,10000.0,0.938,0.139
compass.d.h+.case5.764,1 - 1 - 2103,301.03984399999996,1.3660254037844386,1.0,1.7320508075688772,0.084,0.038,0.13,0.47500000000000003,0.4,0.55,0.6996716267026624,0.6782329983125268,0.7211102550927979,1.0,0.1,111.11111111111089,True,0.1,0.9,25.0,10000.0,0.938,0.139
compass.d.h+.case5.765,1 - 1 - 2103,301.03984399999996,1.3660254037844386,1.0,1.7320508075688772,0.084,0.038,0.13,0.47500000000000003,0.4,0.55,0.7478534621671407,0.7211102550927979,0.7745966692414834,1.0,0.1,83.33333333333337,True,0.1,0.9,25.0,10000.0,0.938,0.139
compass.d.h+.case5.766,1 - 1 - 2103,301.03984399999996,1.3660254037844386,1.0,1.7320508075688772,0.084,0.038,0.13,0.47500000000000003,0.4,0.55,0.7996088971825077,0.7745966692414834,0.8246211251235321,1.0,0.1,83.33333333333337,True,0.1,0.9,25.0,10000.0,0.938,0.139
compass.d.h+.case5.767,1 - 1 - 2103,301.03984399999996,1.3660254037844386,1.0,1.7320508075688772,0.084,0.038,0.13,0.47500000000000003,0.4,0.55,0.8482004569158335,0.8246211251235321,0.8717797887081347,1.0,0.1,83.33333333333347,True,0.1,0.9,25.0,10000.0,0.938,0.139
compass.d.h+.case5.768,1 - 1 - 2103,301.03984399999996,1.3660254037844386,1.0,1.7320508075688772,0.084,0.038,0.13,0.47500000000000003,0.4,0.55,0.902258847008508,0.8717797887081347,0.9327379053088815,1.0,0.1,60.6060606060606,True,0.1,0.9,25.0,10000.0,0.938,0.139
compass.d.h+.case5.769,1 - 1 - 2103,301.03984399999996,1.3660254037844386,1.0,1.7320508075688772,0.084,0.038,0.13,0.47500000000000003,0.4,0.55,0.9663689526544408,0.9327379053088815,1.0,1.0,0.1,51.28205128205123,True,0.1,0.9,25.0,10000.0,0.938,0.139
compass.d.h+.case5.770,1 - 1 - 2103,301.03984399999996,1.3660254037844386,1.0,1.7320508075688772,0.084,0.038,0.13,0.47500000000000003,0.4,0.55,1.029150262212918,1.0,1.0583005244258363,1.0,0.1,55.55555555555551,True,0.1,0.9,25.0,10000.0,0.938,0.139
compass.d.h+.case5.771,1 - 1 - 2103,301.03984399999996,1.3660254037844386,1.0,1.7320508075688772,0.084,0.038,0.13,0.47500000000000003,0.4,0.55,1.0859266984959204,1.0583005244258363,1.1135528725660044,1.0,0.1,55.55555555555551,True,0.1,0.9,25.0,10000.0,0.938,0.139
compass.d.h+.case5.772,1 - 1 - 2103,301.03984399999996,1.3660254037844386,1.0,1.7320508075688772,0.084,0.038,0.13,0.47500000000000003,0.4,0.55,1.1441434425065387,1.1135528725660044,1.174734012447073,1.0,0.1,47.61904761904764,True,0.1,0.9,25.0,10000.0,0.938,0.139
compass.d.h+.case5.773,1 - 1 - 2103,301.03984399999996,1.3660254037844386,1.0,1.7320508075688772,0.084,0.038,0.13,0.47500000000000003,0.4,0.55,1.2038084065204342,1.174734012447073,1.2328828005937953,1.0,0.1,47.61904761904764,True,0.1,0.9,25.0,10000.0,0.938,0.139
compass.d.h+.case5.774,1 - 1 - 2103,301.03984399999996,1.3660254037844386,1.0,1.7320508075688772,0.084,0.038,0.13,0.47500000000000003,0.4,0.55,1.2645154701376837,1.2328828005937953,1.296148139681572,1.0,0.1,41.666666666666735,True,0.1,0.9,25.0,10000.0,0.938,0.139
compass.d.h+.case5.775,1 - 1 - 2103,301.03984399999996,1.3660254037844386,1.0,1.7320508075688772,0.084,0.038,0.13,0.47500000000000003,0.4,0.55,1.328147595277558,1.296148139681572,1.3601470508735443,1.0,0.1,39.215686274509764,True,0.1,0.9,25.0,10000.0,0.938,0.139
compass.d.h+.case5.776,1 - 1 - 2103,301.03984399999996,1.3660254037844386,1.0,1.7320508075688772,0.084,0.038,0.13,0.47500000000000003,0.4,0.55,1.3959645786005899,1.3601470508735443,1.4317821063276353,1.0,0.1,33.333333333333336,True,0.1,0.9,25.0,10000.0,0.938,0.139
compass.d.h+.case5.777,1 - 1 - 2103,301.03984399999996,1.3660254037844386,1.0,1.7320508075688772,0.084,0.038,0.13,0.47500000000000003,0.4,0.55,1.4823765390016121,1.4317821063276353,1.5329709716755893,1.0,0.1,22.2222222222222,True,0.1,0.9,25.0,10000.0,0.938,0.139
compass.d.h+.case5.778,1 - 1 - 2103,301.03984399999996,1.3660254037844386,1.0,1.7320508075688772,0.084,0.038,0.13,0.47500000000000003,0.4,0.55,1.58042651564278,1.5329709716755893,1.6278820596099706,1.0,0.1,22.222222222222232,True,0.1,0.9,25.0,10000.0,0.938,0.139
compass.d.h+.case5.779,1 - 1 - 2103,301.03984399999996,1.3660254037844386,1.0,1.7320508075688772,0.084,0.038,0.13,0.47500000000000003,0.4,0.55,1.6799664335894238,1.6278820596099706,1.7320508075688772,1.0,0.1,19.04761904761906,True,0.1,0.9,25.0,10000.0,0.938,0.139
compass.d.h+.case5.780,1 - 1 - 2103,301.03984399999996,1.3660254037844386,1.0,1.7320508075688772,0.084,0.038,0.13,0.625,0.55,0.7,0.17071067811865476,0.1414213562373095,0.2,1.0,0.1,333.33333333333337,True,0.1,0.9,25.0,10000.0,0.938,0.139
compass.d.h+.case5.781,1 - 1 - 2103,301.03984399999996,1.3660254037844386,1.0,1.7320508075688772,0.084,0.038,0.13,0.625,0.55,0.7,0.2224744871391589,0.2,0.2449489742783178,1.0,0.1,333.3333333333337,True,0.1,0.9,25.0,10000.0,0.938,0.139
compass.d.h+.case5.782,1 - 1 - 2103,301.03984399999996,1.3660254037844386,1.0,1.7320508075688772,0.084,0.038,0.13,0.625,0.55,0.7,0.26389584337646843,0.2449489742783178,0.282842712474619,1.0,0.1,333.3333333333335,True,0.1,0.9,25.0,10000.0,0.938,0.139
compass.d.h+.case5.783,1 - 1 - 2103,301.03984399999996,1.3660254037844386,1.0,1.7320508075688772,0.084,0.038,0.13,0.625,0.55,0.7,0.29953523924572845,0.282842712474619,0.31622776601683794,1.0,0.1,333.3333333333335,True,0.1,0.9,25.0,10000.0,0.938,0.139
compass.d.h+.case5.784,1 - 1 - 2103,301.03984399999996,1.3660254037844386,1.0,1.7320508075688772,0.084,0.038,0.13,0.625,0.55,0.7,0.3313189637653067,0.31622776601683794,0.34641016151377546,1.0,0.1,333.3333333333337,True,0.1,0.9,25.0,10000.0,0.938,0.139
compass.d.h+.case5.785,1 - 1 - 2103,301.03984399999996,1.3660254037844386,1.0,1.7320508075688772,0.084,0.038,0.13,0.625,0.55,0.7,0.3602879500955848,0.34641016151377546,0.37416573867739417,1.0,0.1,333.33333333333326,True,0.1,0.9,25.0,10000.0,0.938,0.139
compass.d.h+.case5.786,1 - 1 - 2103,301.03984399999996,1.3660254037844386,1.0,1.7320508075688772,0.084,0.038,0.13,0.625,0.55,0.7,0.3932381506195801,0.37416573867739417,0.41231056256176607,1.0,0.1,222.22222222222237,True,0.1,0.9,25.0,10000.0,0.938,0.139
compass.d.h+.case5.787,1 - 1 - 2103,301.03984399999996,1.3660254037844386,1.0,1.7320508075688772,0.084,0.038,0.13,0.625,0.55,0.7,0.429762079030862,0.41231056256176607,0.4472135954999579,1.0,0.1,222.22222222222257,True,0.1,0.9,25.0,10000.0,0.938,0.139
compass.d.h+.case5.788,1 - 1 - 2103,301.03984399999996,1.3660254037844386,1.0,1.7320508075688772,0.084,0.038,0.13,0.625,0.55,0.7,0.46339837391561495,0.4472135954999579,0.47958315233127197,1.0,0.1,222.22222222222217,True,0.1,0.9,25.0,10000.0,0.938,0.139
compass.d.h+.case5.789,1 - 1 - 2103,301.03984399999996,1.3660254037844386,1.0,1.7320508075688772,0.084,0.038,0.13,0.625,0.55,0.7,0.4995991973009676,0.47958315233127197,0.5196152422706632,1.0,0.1,166.66666666666652,True,0.1,0.9,25.0,10000.0,0.938,0.139
compass.d.h+.case5.790,1 - 1 - 2103,301.03984399999996,1.3660254037844386,1.0,1.7320508075688772,0.084,0.038,0.13,0.625,0.55,0.7,0.5336688998879147,0.5196152422706632,0.5477225575051661,1.0,0.1,222.22222222222342,True,0.1,0.9,25.0,10000.0,0.938,0.139
compass.d.h+.case5.791,1 - 1 - 2103,301.03984399999996,1.3660254037844386,1.0,1.7320508075688772,0.084,0.038,0.13,0.625,0.55,0.7,0.5696652679075638,0.5477225575051661,0.5916079783099616,1.0,0.1,133.3333333333333,True,0.1,0.9,25.0,10000.0,0.938,0.139
compass.d.h+.case5.792,1 - 1 - 2103,301.03984399999996,1.3660254037844386,1.0,1.7320508075688772,0.084,0.038,0.13,0.625,0.55,0.7,0.6120317551718187,0.5916079783099616,0.6324555320336759,1.0,0.1,133.3333333333333,True,0.1,0.9,25.0,10000.0,0.938,0.139
compass.d.h+.case5.793,1 - 1 - 2103,301.03984399999996,1.3660254037844386,1.0,1.7320508075688772,0.084,0.038,0.13,0.625,0.55,0.7,0.6553442651731014,0.6324555320336759,0.6782329983125268,1.0,0.1,111.11111111111119,True,0.1,0.9,25.0,10000.0,0.938,0.139
compass.d.h+.case5.794,1 - 1 - 2103,301.03984399999996,1.3660254037844386,1.0,1.7320508075688772,0.084,0.038,0.13,0.625,0.55,0.7,0.6996716267026624,0.6782329983125268,0.7211102550927979,1.0,0.1,111.11111111111097,True,0.1,0.9,25.0,10000.0,0.938,0.139
compass.d.h+.case5.795,1 - 1 - 2103,301.03984399999996,1.3660254037844386,1.0,1.7320508075688772,0.084,0.038,0.13,0.625,0.55,0.7,0.7478534621671407,0.7211102550927979,0.7745966692414834,1.0,0.1,83.33333333333343,True,0.1,0.9,25.0,10000.0,0.938,0.139
compass.d.h+.case5.796,1 - 1 - 2103,301.03984399999996,1.3660254037844386,1.0,1.7320508075688772,0.084,0.038,0.13,0.625,0.55,0.7,0.7996088971825077,0.7745966692414834,0.8246211251235321,1.0,0.1,83.33333333333343,True,0.1,0.9,25.0,10000.0,0.938,0.139
compass.d.h+.case5.797,1 - 1 - 2103,301.03984399999996,1.3660254037844386,1.0,1.7320508075688772,0.084,0.038,0.13,0.625,0.55,0.7,0.8482004569158335,0.8246211251235321,0.8717797887081347,1.0,0.1,83.33333333333354,True,0.1,0.9,25.0,10000.0,0.938,0.139
compass.d.h+.case5.798,1 - 1 - 2103,301.03984399999996,1.3660254037844386,1.0,1.7320508075688772,0.084,0.038,0.13,0.625,0.55,0.7,0.902258847008508,0.8717797887081347,0.9327379053088815,1.0,0.1,60.606060606060645,True,0.1,0.9,25.0,10000.0,0.938,0.139
compass.d.h+.case5.799,1 - 1 - 2103,301.03984399999996,1.3660254037844386,1.0,1.7320508075688772,0.084,0.038,0.13,0.625,0.55,0.7,0.9663689526544408,0.9327379053088815,1.0,1.0,0.1,51.28205128205126,True,0.1,0.9,25.0,10000.0,0.938,0.139
compass.d.h+.case5.800,1 - 1 - 2103,301.03984399999996,1.3660254037844386,1.0,1.7320508075688772,0.084,0.038,0.13,0.625,0.55,0.7,1.029150262212918,1.0,1.0583005244258363,1.0,0.1,55.55555555555554,True,0.1,0.9,25.0,10000.0,0.938,0.139
compass.d.h+.case5.801,1 - 1 - 2103,301.03984399999996,1.3660254037844386,1.0,1.7320508075688772,0.084,0.038,0.13,0.625,0.55,0.7,1.0859266984959204,1.0583005244258363,1.1135528725660044,1.0,0.1,55.55555555555554,True,0.1,0.9,25.0,10000.0,0.938,0.139
compass.d.h+.case5.802,1 - 1 - 2103,301.03984399999996,1.3660254037844386,1.0,1.7320508075688772,0.084,0.038,0.13,0.625,0.55,0.7,1.1441434425065387,1.1135528725660044,1.174734012447073,1.0,0.1,47.61904761904768,True,0.1,0.9,25.0,10000.0,0.938,0.139
compass.d.h+.case5.803,1 - 1 - 2103,301.03984399999996,1.3660254037844386,1.0,1.7320508075688772,0.084,0.038,0.13,0.625,0.55,0.7,1.2038084065204342,1.174734012447073,1.2328828005937953,1.0,0.1,47.61904761904768,True,0.1,0.9,25.0,10000.0,0.938,0.139
compass.d.h+.case5.804,1 - 1 - 2103,301.03984399999996,1.3660254037844386,1.0,1.7320508075688772,0.084,0.038,0.13,0.625,0.55,0.7,1.2645154701376837,1.2328828005937953,1.296148139681572,1.0,0.1,41.66666666666677,True,0.1,0.9,25.0,10000.0,0.938,0.139
compass.d.h+.case5.805,1 - 1 - 2103,301.03984399999996,1.3660254037844386,1.0,1.7320508075688772,0.084,0.038,0.13,0.625,0.55,0.7,1.328147595277558,1.296148139681572,1.3601470508735443,1.0,0.1,39.21568627450979,True,0.1,0.9,25.0,10000.0,0.938,0.139
compass.d.h+.case5.806,1 - 1 - 2103,301.03984399999996,1.3660254037844386,1.0,1.7320508075688772,0.084,0.038,0.13,0.625,0.55,0.7,1.3959645786005899,1.3601470508735443,1.4317821063276353,1.0,0.1,33.33333333333336,True,0.1,0.9,25.0,10000.0,0.938,0.139
compass.d.h+.case5.807,1 - 1 - 2103,301.03984399999996,1.3660254037844386,1.0,1.7320508075688772,0.084,0.038,0.13,0.625,0.55,0.7,1.4823765390016121,1.4317821063276353,1.5329709716755893,1.0,0.1,22.222222222222214,True,0.1,0.9,25.0,10000.0,0.938,0.139
compass.d.h+.case5.808,1 - 1 - 2103,301.03984399999996,1.3660254037844386,1.0,1.7320508075688772,0.084,0.038,0.13,0.625,0.55,0.7,1.58042651564278,1.5329709716755893,1.6278820596099706,1.0,0.1,22.22222222222225,True,0.1,0.9,25.0,10000.0,0.938,0.139
compass.d.h+.case5.809,1 - 1 - 2103,301.03984399999996,1.3660254037844386,1.0,1.7320508075688772,0.084,0.038,0.13,0.625,0.55,0.7,1.6799664335894238,1.6278820596099706,1.7320508075688772,1.0,0.1,19.047619047619076,True,0.1,0.9,25.0,10000.0,0.938,0.139
compass.d.h+.case5.810,1 - 1 - 2103,301.03984399999996,1.3660254037844386,1.0,1.7320508075688772,0.084,0.038,0.13,0.7749999999999999,0.7,0.85,0.17071067811865476,0.1414213562373095,0.2,1.0,0.1,333.33333333333314,True,0.1,0.9,25.0,10000.0,0.938,0.139
compass.d.h+.case5.811,1 - 1 - 2103,301.03984399999996,1.3660254037844386,1.0,1.7320508075688772,0.084,0.038,0.13,0.7749999999999999,0.7,0.85,0.2224744871391589,0.2,0.2449489742783178,1.0,0.1,333.3333333333335,True,0.1,0.9,25.0,10000.0,0.938,0.139
compass.d.h+.case5.812,1 - 1 - 2103,301.03984399999996,1.3660254037844386,1.0,1.7320508075688772,0.084,0.038,0.13,0.7749999999999999,0.7,0.85,0.26389584337646843,0.2449489742783178,0.282842712474619,1.0,0.1,333.33333333333326,True,0.1,0.9,25.0,10000.0,0.938,0.139
compass.d.h+.case5.813,1 - 1 - 2103,301.03984399999996,1.3660254037844386,1.0,1.7320508075688772,0.084,0.038,0.13,0.7749999999999999,0.7,0.85,0.29953523924572845,0.282842712474619,0.31622776601683794,1.0,0.1,333.33333333333326,True,0.1,0.9,25.0,10000.0,0.938,0.139
compass.d.h+.case5.814,1 - 1 - 2103,301.03984399999996,1.3660254037844386,1.0,1.7320508075688772,0.084,0.038,0.13,0.7749999999999999,0.7,0.85,0.3313189637653067,0.31622776601683794,0.34641016151377546,1.0,0.1,333.3333333333335,True,0.1,0.9,25.0,10000.0,0.938,0.139
compass.d.h+.case5.815,1 - 1 - 2103,301.03984399999996,1.3660254037844386,1.0,1.7320508075688772,0.084,0.038,0.13,0.7749999999999999,0.7,0.85,0.3602879500955848,0.34641016151377546,0.37416573867739417,1.0,0.1,333.333333333333,True,0.1,0.9,25.0,10000.0,0.938,0.139
compass.d.h+.case5.816,1 - 1 - 2103,301.03984399999996,1.3660254037844386,1.0,1.7320508075688772,0.084,0.038,0.13,0.7749999999999999,0.7,0.85,0.3932381506195801,0.37416573867739417,0.41231056256176607,1.0,0.1,222.2222222222222,True,0.1,0.9,25.0,10000.0,0.938,0.139
compass.d.h+.case5.817,1 - 1 - 2103,301.03984399999996,1.3660254037844386,1.0,1.7320508075688772,0.084,0.038,0.13,0.7749999999999999,0.7,0.85,0.429762079030862,0.41231056256176607,0.4472135954999579,1.0,0.1,222.2222222222224,True,0.1,0.9,25.0,10000.0,0.938,0.139
compass.d.h+.case5.818,1 - 1 - 2103,301.03984399999996,1.3660254037844386,1.0,1.7320508075688772,0.084,0.038,0.13,0.7749999999999999,0.7,0.85,0.46339837391561495,0.4472135954999579,0.47958315233127197,1.0,0.1,222.22222222222203,True,0.1,0.9,25.0,10000.0,0.938,0.139
compass.d.h+.case5.819,1 - 1 - 2103,301.03984399999996,1.3660254037844386,1.0,1.7320508075688772,0.084,0.038,0.13,0.7749999999999999,0.7,0.85,0.4995991973009676,0.47958315233127197,0.5196152422706632,1.0,0.1,166.66666666666637,True,0.1,0.9,25.0,10000.0,0.938,0.139
compass.d.h+.case5.820,1 - 1 - 2103,301.03984399999996,1.3660254037844386,1.0,1.7320508075688772,0.084,0.038,0.13,0.7749999999999999,0.7,0.85,0.5336688998879147,0.5196152422706632,0.5477225575051661,1.0,0.1,222.22222222222325,True,0.1,0.9,25.0,10000.0,0.938,0.139
compass.d.h+.case5.821,1 - 1 - 2103,301.03984399999996,1.3660254037844386,1.0,1.7320508075688772,0.084,0.038,0.13,0.7749999999999999,0.7,0.85,0.5696652679075638,0.5477225575051661,0.5916079783099616,1.0,0.1,133.3333333333332,True,0.1,0.9,25.0,10000.0,0.938,0.139
compass.d.h+.case5.822,1 - 1 - 2103,301.03984399999996,1.3660254037844386,1.0,1.7320508075688772,0.084,0.038,0.13,0.7749999999999999,0.7,0.85,0.6120317551718187,0.5916079783099616,0.6324555320336759,1.0,0.1,133.3333333333332,True,0.1,0.9,25.0,10000.0,0.938,0.139
compass.d.h+.case5.823,1 - 1 - 2103,301.03984399999996,1.3660254037844386,1.0,1.7320508075688772,0.084,0.038,0.13,0.7749999999999999,0.7,0.85,0.6553442651731014,0.6324555320336759,0.6782329983125268,1.0,0.1,111.1111111111111,True,0.1,0.9,25.0,10000.0,0.938,0.139
compass.d.h+.case5.824,1 - 1 - 2103,301.03984399999996,1.3660254037844386,1.0,1.7320508075688772,0.084,0.038,0.13,0.7749999999999999,0.7,0.85,0.6996716267026624,0.6782329983125268,0.7211102550927979,1.0,0.1,111.11111111111089,True,0.1,0.9,25.0,10000.0,0.938,0.139
compass.d.h+.case5.825,1 - 1 - 2103,301.03984399999996,1.3660254037844386,1.0,1.7320508075688772,0.084,0.038,0.13,0.7749999999999999,0.7,0.85,0.7478534621671407,0.7211102550927979,0.7745966692414834,1.0,0.1,83.33333333333337,True,0.1,0.9,25.0,10000.0,0.938,0.139
compass.d.h+.case5.826,1 - 1 - 2103,301.03984399999996,1.3660254037844386,1.0,1.7320508075688772,0.084,0.038,0.13,0.7749999999999999,0.7,0.85,0.7996088971825077,0.7745966692414834,0.8246211251235321,1.0,0.1,83.33333333333337,True,0.1,0.9,25.0,10000.0,0.938,0.139
compass.d.h+.case5.827,1 - 1 - 2103,301.03984399999996,1.3660254037844386,1.0,1.7320508075688772,0.084,0.038,0.13,0.7749999999999999,0.7,0.85,0.8482004569158335,0.8246211251235321,0.8717797887081347,1.0,0.1,83.33333333333347,True,0.1,0.9,25.0,10000.0,0.938,0.139
compass.d.h+.case5.828,1 - 1 - 2103,301.03984399999996,1.3660254037844386,1.0,1.7320508075688772,0.084,0.038,0.13,0.7749999999999999,0.7,0.85,0.902258847008508,0.8717797887081347,0.9327379053088815,1.0,0.1,60.6060606060606,True,0.1,0.9,25.0,10000.0,0.938,0.139
compass.d.h+.case5.829,1 - 1 - 2103,301.03984399999996,1.3660254037844386,1.0,1.7320508075688772,0.084,0.038,0.13,0.7749999999999999,0.7,0.85,0.9663689526544408,0.9327379053088815,1.0,1.0,0.1,51.28205128205123,True,0.1,0.9,25.0,10000.0,0.938,0.139
compass.d.h+.case5.830,1 - 1 - 2103,301.03984399999996,1.3660254037844386,1.0,1.7320508075688772,0.084,0.038,0.13,0.7749999999999999,0.7,0.85,1.029150262212918,1.0,1.0583005244258363,1.0,0.1,55.55555555555551,True,0.1,0.9,25.0,10000.0,0.938,0.139
compass.d.h+.case5.831,1 - 1 - 2103,301.03984399999996,1.3660254037844386,1.0,1.7320508075688772,0.084,0.038,0.13,0.7749999999999999,0.7,0.85,1.0859266984959204,1.0583005244258363,1.1135528725660044,1.0,0.1,55.55555555555551,True,0.1,0.9,25.0,10000.0,0.938,0.139
compass.d.h+.case5.832,1 - 1 - 2103,301.03984399999996,1.3660254037844386,1.0,1.7320508075688772,0.084,0.038,0.13,0.7749999999999999,0.7,0.85,1.1441434425065387,1.1135528725660044,1.174734012447073,1.0,0.1,47.61904761904764,True,0.1,0.9,25.0,10000.0,0.938,0.139
compass.d.h+.case5.833,1 - 1 - 2103,301.03984399999996,1.3660254037844386,1.0,1.7320508075688772,0.084,0.038,0.13,0.7749999999999999,0.7,0.85,1.2038084065204342,1.174734012447073,1.2328828005937953,1.0,0.1,47.61904761904764,True,0.1,0.9,25.0,10000.0,0.938,0.139
compass.d.h+.case5.834,1 - 1 - 2103,301.03984399999996,1.3660254037844386,1.0,1.7320508075688772,0.084,0.038,0.13,0.7749999999999999,0.7,0.85,1.2645154701376837,1.2328828005937953,1.296148139681572,1.0,0.1,41.666666666666735,True,0.1,0.9,25.0,10000.0,0.938,0.139
compass.d.h+.case5.835,1 - 1 - 2103,301.03984399999996,1.3660254037844386,1.0,1.7320508075688772,0.084,0.038,0.13,0.7749999999999999,0.7,0.85,1.328147595277558,1.296148139681572,1.3601470508735443,1.0,0.1,39.215686274509764,True,0.1,0.9,25.0,10000.0,0.938,0.139
compass.d.h+.case5.836,1 - 1 - 2103,301.03984399999996,1.3660254037844386,1.0,1.7320508075688772,0.084,0.038,0.13,0.7749999999999999,0.7,0.85,1.3959645786005899,1.3601470508735443,1.4317821063276353,1.0,0.1,33.333333333333336,True,0.1,0.9,25.0,10000.0,0.938,0.139
compass.d.h+.case5.837,1 - 1 - 2103,301.03984399999996,1.3660254037844386,1.0,1.7320508075688772,0.084,0.038,0.13,0.7749999999999999,0.7,0.85,1.4823765390016121,1.4317821063276353,1.5329709716755893,1.0,0.1,22.2222222222222,True,0.1,0.9,25.0,10000.0,0.938,0.139
compass.d.h+.case5.838,1 - 1 - 2103,301.03984399999996,1.3660254037844386,1.0,1.7320508075688772,0.084,0.038,0.13,0.7749999999999999,0.7,0.85,1.58042651564278,1.5329709716755893,1.6278820596099706,1.0,0.1,22.222222222222232,True,0.1,0.9,25.0,10000.0,0.938,0.139
compass.d.h+.case5.839,1 - 1 - 2103,301.03984399999996,1.3660254037844386,1.0,1.7320508075688772,0.084,0.038,0.13,0.7749999999999999,0.7,0.85,1.6799664335894238,1.6278820596099706,1.7320508075688772,1.0,0.1,19.04761904761906,True,0.1,0.9,25.0,10000.0,0.938,0.139
compass.d.h+.case5.840,1 - 1 - 2103,301.03984399999996,2.8660254037844384,1.7320508075688772,4.0,0.0075,0.003,0.012,0.15000000000000002,0.1,0.2,0.17071067811865476,0.1414213562373095,0.2,1.0,0.1,499.9999999999998,True,0.1,0.9,25.0,10000.0,0.938,0.139
compass.d.h+.case5.841,1 - 1 - 2103,301.03984399999996,2.8660254037844384,1.7320508075688772,4.0,0.0075,0.003,0.012,0.15000000000000002,0.1,0.2,0.2224744871391589,0.2,0.2449489742783178,1.0,0.1,500.0000000000003,True,0.1,0.9,25.0,10000.0,0.938,0.139
compass.d.h+.case5.842,1 - 1 - 2103,301.03984399999996,2.8660254037844384,1.7320508075688772,4.0,0.0075,0.003,0.012,0.15000000000000002,0.1,0.2,0.26389584337646843,0.2449489742783178,0.282842712474619,1.0,0.1,499.9999999999999,True,0.1,0.9,25.0,10000.0,0.938,0.139
compass.d.h+.case5.843,1 - 1 - 2103,301.03984399999996,2.8660254037844384,1.7320508075688772,4.0,0.0075,0.003,0.012,0.15000000000000002,0.1,0.2,0.29953523924572845,0.282842712474619,0.31622776601683794,1.0,0.1,499.9999999999999,True,0.1,0.9,25.0,10000.0,0.938,0.139
compass.d.h+.case5.844,1 - 1 - 2103,301.03984399999996,2.8660254037844384,1.7320508075688772,4.0,0.0075,0.003,0.012,0.15000000000000002,0.1,0.2,0.3313189637653067,0.31622776601683794,0.34641016151377546,1.0,0.1,500.0000000000003,True,0.1,0.9,25.0,10000.0,0.938,0.139
compass.d.h+.case5.845,1 - 1 - 2103,301.03984399999996,2.8660254037844384,1.7320508075688772,4.0,0.0075,0.003,0.012,0.15000000000000002,0.1,0.2,0.3602879500955848,0.34641016151377546,0.37416573867739417,1.0,0.1,499.99999999999955,True,0.1,0.9,25.0,10000.0,0.938,0.139
compass.d.h+.case5.846,1 - 1 - 2103,301.03984399999996,2.8660254037844384,1.7320508075688772,4.0,0.0075,0.003,0.012,0.15000000000000002,0.1,0.2,0.3932381506195801,0.37416573867739417,0.41231056256176607,1.0,0.1,333.3333333333333,True,0.1,0.9,25.0,10000.0,0.938,0.139
compass.d.h+.case5.847,1 - 1 - 2103,301.03984399999996,2.8660254037844384,1.7320508075688772,4.0,0.0075,0.003,0.012,0.15000000000000002,0.1,0.2,0.429762079030862,0.41231056256176607,0.4472135954999579,1.0,0.1,333.3333333333336,True,0.1,0.9,25.0,10000.0,0.938,0.139
compass.d.h+.case5.848,1 - 1 - 2103,301.03984399999996,2.8660254037844384,1.7320508075688772,4.0,0.0075,0.003,0.012,0.15000000000000002,0.1,0.2,0.46339837391561495,0.4472135954999579,0.47958315233127197,1.0,0.1,333.33333333333303,True,0.1,0.9,25.0,10000.0,0.938,0.139
compass.d.h+.case5.849,1 - 1 - 2103,301.03984399999996,2.8660254037844384,1.7320508075688772,4.0,0.0075,0.003,0.012,0.15000000000000002,0.1,0.2,0.4995991973009676,0.47958315233127197,0.5196152422706632,1.0,0.1,249.9999999999996,True,0.1,0.9,25.0,10000.0,0.938,0.139
compass.d.h+.case5.850,1 - 1 - 2103,301.03984399999996,2.8660254037844384,1.7320508075688772,4.0,0.0075,0.003,0.012,0.15000000000000002,0.1,0.2,0.5336688998879147,0.5196152422706632,0.5477225575051661,1.0,0.1,333.3333333333349,True,0.1,0.9,25.0,10000.0,0.938,0.139
compass.d.h+.case5.851,1 - 1 - 2103,301.03984399999996,2.8660254037844384,1.7320508075688772,4.0,0.0075,0.003,0.012,0.15000000000000002,0.1,0.2,0.5696652679075638,0.5477225575051661,0.5916079783099616,1.0,0.1,199.9999999999998,True,0.1,0.9,25.0,10000.0,0.938,0.139
compass.d.h+.case5.852,1 - 1 - 2103,301.03984399999996,2.8660254037844384,1.7320508075688772,4.0,0.0075,0.003,0.012,0.15000000000000002,0.1,0.2,0.6120317551718187,0.5916079783099616,0.6324555320336759,1.0,0.1,199.9999999999998,True,0.1,0.9,25.0,10000.0,0.938,0.139
compass.d.h+.case5.853,1 - 1 - 2103,301.03984399999996,2.8660254037844384,1.7320508075688772,4.0,0.0075,0.003,0.012,0.15000000000000002,0.1,0.2,0.6553442651731014,0.6324555320336759,0.6782329983125268,1.0,0.1,166.66666666666666,True,0.1,0.9,25.0,10000.0,0.938,0.139
compass.d.h+.case5.854,1 - 1 - 2103,301.03984399999996,2.8660254037844384,1.7320508075688772,4.0,0.0075,0.003,0.012,0.15000000000000002,0.1,0.2,0.6996716267026624,0.6782329983125268,0.7211102550927979,1.0,0.1,166.66666666666634,True,0.1,0.9,25.0,10000.0,0.938,0.139
compass.d.h+.case5.855,1 - 1 - 2103,301.03984399999996,2.8660254037844384,1.7320508075688772,4.0,0.0075,0.003,0.012,0.15000000000000002,0.1,0.2,0.7478534621671407,0.7211102550927979,0.7745966692414834,1.0,0.1,125.00000000000007,True,0.1,0.9,25.0,10000.0,0.938,0.139
compass.d.h+.case5.856,1 - 1 - 2103,301.03984399999996,2.8660254037844384,1.7320508075688772,4.0,0.0075,0.003,0.012,0.15000000000000002,0.1,0.2,0.7996088971825077,0.7745966692414834,0.8246211251235321,1.0,0.1,125.00000000000007,True,0.1,0.9,25.0,10000.0,0.938,0.139
compass.d.h+.case5.857,1 - 1 - 2103,301.03984399999996,2.8660254037844384,1.7320508075688772,4.0,0.0075,0.003,0.012,0.15000000000000002,0.1,0.2,0.8482004569158335,0.8246211251235321,0.8717797887081347,1.0,0.1,125.00000000000023,True,0.1,0.9,25.0,10000.0,0.938,0.139
compass.d.h+.case5.858,1 - 1 - 2103,301.03984399999996,2.8660254037844384,1.7320508075688772,4.0,0.0075,0.003,0.012,0.15000000000000002,0.1,0.2,0.902258847008508,0.8717797887081347,0.9327379053088815,1.0,0.1,90.9090909090909,True,0.1,0.9,25.0,10000.0,0.938,0.139
compass.d.h+.case5.859,1 - 1 - 2103,301.03984399999996,2.8660254037844384,1.7320508075688772,4.0,0.0075,0.003,0.012,0.15000000000000002,0.1,0.2,0.9663689526544408,0.9327379053088815,1.0,1.0,0.1,76.92307692307685,True,0.1,0.9,25.0,10000.0,0.938,0.139
compass.d.h+.case5.860,1 - 1 - 2103,301.03984399999996,2.8660254037844384,1.7320508075688772,4.0,0.0075,0.003,0.012,0.15000000000000002,0.1,0.2,1.029150262212918,1.0,1.0583005244258363,1.0,0.1,83.33333333333326,True,0.1,0.9,25.0,10000.0,0.938,0.139
compass.d.h+.case5.861,1 - 1 - 2103,301.03984399999996,2.8660254037844384,1.7320508075688772,4.0,0.0075,0.003,0.012,0.15000000000000002,0.1,0.2,1.0859266984959204,1.0583005244258363,1.1135528725660044,1.0,0.1,83.33333333333326,True,0.1,0.9,25.0,10000.0,0.938,0.139
compass.d.h+.case5.862,1 - 1 - 2103,301.03984399999996,2.8660254037844384,1.7320508075688772,4.0,0.0075,0.003,0.012,0.15000000000000002,0.1,0.2,1.1441434425065387,1.1135528725660044,1.174734012447073,1.0,0.1,71.42857142857147,True,0.1,0.9,25.0,10000.0,0.938,0.139
compass.d.h+.case5.863,1 - 1 - 2103,301.03984399999996,2.8660254037844384,1.7320508075688772,4.0,0.0075,0.003,0.012,0.15000000000000002,0.1,0.2,1.2038084065204342,1.174734012447073,1.2328828005937953,1.0,0.1,71.42857142857147,True,0.1,0.9,25.0,10000.0,0.938,0.139
compass.d.h+.case5.864,1 - 1 - 2103,301.03984399999996,2.8660254037844384,1.7320508075688772,4.0,0.0075,0.003,0.012,0.15000000000000002,0.1,0.2,1.2645154701376837,1.2328828005937953,1.296148139681572,1.0,0.1,62.500000000000114,True,0.1,0.9,25.0,10000.0,0.938,0.139
compass.d.h+.case5.865,1 - 1 - 2103,301.03984399999996,2.8660254037844384,1.7320508075688772,4.0,0.0075,0.003,0.012,0.15000000000000002,0.1,0.2,1.328147595277558,1.296148139681572,1.3601470508735443,1.0,0.1,58.82352941176465,True,0.1,0.9,25.0,10000.0,0.938,0.139
compass.d.h+.case5.866,1 - 1 - 2103,301.03984399999996,2.8660254037844384,1.7320508075688772,4.0,0.0075,0.003,0.012,0.15000000000000002,0.1,0.2,1.3959645786005899,1.3601470508735443,1.4317821063276353,1.0,0.1,50.00000000000001,True,0.1,0.9,25.0,10000.0,0.938,0.139
compass.d.h+.case5.867,1 - 1 - 2103,301.03984399999996,2.8660254037844384,1.7320508075688772,4.0,0.0075,0.003,0.012,0.15000000000000002,0.1,0.2,1.4823765390016121,1.4317821063276353,1.5329709716755893,1.0,0.1,33.3333333333333,True,0.1,0.9,25.0,10000.0,0.938,0.139
compass.d.h+.case5.868,1 - 1 - 2103,301.03984399999996,2.8660254037844384,1.7320508075688772,4.0,0.0075,0.003,0.012,0.15000000000000002,0.1,0.2,1.58042651564278,1.5329709716755893,1.6278820596099706,1.0,0.1,33.33333333333335,True,0.1,0.9,25.0,10000.0,0.938,0.139
compass.d.h+.case5.869,1 - 1 - 2103,301.03984399999996,2.8660254037844384,1.7320508075688772,4.0,0.0075,0.003,0.012,0.15000000000000002,0.1,0.2,1.6799664335894238,1.6278820596099706,1.7320508075688772,1.0,0.1,28.571428571428598,True,0.1,0.9,25.0,10000.0,0.938,0.139
compass.d.h+.case5.870,1 - 1 - 2103,301.03984399999996,2.8660254037844384,1.7320508075688772,4.0,0.0075,0.003,0.012,0.225,0.2,0.25,0.17071067811865476,0.1414213562373095,0.2,1.0,0.1,999.9999999999998,True,0.1,0.9,25.0,10000.0,0.938,0.139
compass.d.h+.case5.871,1 - 1 - 2103,301.03984399999996,2.8660254037844384,1.7320508075688772,4.0,0.0075,0.003,0.012,0.225,0.2,0.25,0.2224744871391589,0.2,0.2449489742783178,1.0,0.1,1000.0000000000008,True,0.1,0.9,25.0,10000.0,0.938,0.139
compass.d.h+.case5.872,1 - 1 - 2103,301.03984399999996,2.8660254037844384,1.7320508075688772,4.0,0.0075,0.003,0.012,0.225,0.2,0.25,0.26389584337646843,0.2449489742783178,0.282842712474619,1.0,0.1,1000.0000000000001,True,0.1,0.9,25.0,10000.0,0.938,0.139
compass.d.h+.case5.873,1 - 1 - 2103,301.03984399999996,2.8660254037844384,1.7320508075688772,4.0,0.0075,0.003,0.012,0.225,0.2,0.25,0.29953523924572845,0.282842712474619,0.31622776601683794,1.0,0.1,1000.0000000000001,True,0.1,0.9,25.0,10000.0,0.938,0.139
compass.d.h+.case5.874,1 - 1 - 2103,301.03984399999996,2.8660254037844384,1.7320508075688772,4.0,0.0075,0.003,0.012,0.225,0.2,0.25,0.3313189637653067,0.31622776601683794,0.34641016151377546,1.0,0.1,1000.0000000000008,True,0.1,0.9,25.0,10000.0,0.938,0.139
compass.d.h+.case5.875,1 - 1 - 2103,301.03984399999996,2.8660254037844384,1.7320508075688772,4.0,0.0075,0.003,0.012,0.225,0.2,0.25,0.3602879500955848,0.34641016151377546,0.37416573867739417,1.0,0.1,999.9999999999993,True,0.1,0.9,25.0,10000.0,0.938,0.139
compass.d.h+.case5.876,1 - 1 - 2103,301.03984399999996,2.8660254037844384,1.7320508075688772,4.0,0.0075,0.003,0.012,0.225,0.2,0.25,0.3932381506195801,0.37416573867739417,0.41231056256176607,1.0,0.1,666.6666666666669,True,0.1,0.9,25.0,10000.0,0.938,0.139
compass.d.h+.case5.877,1 - 1 - 2103,301.03984399999996,2.8660254037844384,1.7320508075688772,4.0,0.0075,0.003,0.012,0.225,0.2,0.25,0.429762079030862,0.41231056256176607,0.4472135954999579,1.0,0.1,666.6666666666674,True,0.1,0.9,25.0,10000.0,0.938,0.139
compass.d.h+.case5.878,1 - 1 - 2103,301.03984399999996,2.8660254037844384,1.7320508075688772,4.0,0.0075,0.003,0.012,0.225,0.2,0.25,0.46339837391561495,0.4472135954999579,0.47958315233127197,1.0,0.1,666.6666666666663,True,0.1,0.9,25.0,10000.0,0.938,0.139
compass.d.h+.case5.879,1 - 1 - 2103,301.03984399999996,2.8660254037844384,1.7320508075688772,4.0,0.0075,0.003,0.012,0.225,0.2,0.25,0.4995991973009676,0.47958315233127197,0.5196152422706632,1.0,0.1,499.9999999999993,True,0.1,0.9,25.0,10000.0,0.938,0.139
compass.d.h+.case5.880,1 - 1 - 2103,301.03984399999996,2.8660254037844384,1.7320508075688772,4.0,0.0075,0.003,0.012,0.225,0.2,0.25,0.5336688998879147,0.5196152422706632,0.5477225575051661,1.0,0.1,666.66666666667,True,0.1,0.9,25.0,10000.0,0.938,0.139
compass.d.h+.case5.881,1 - 1 - 2103,301.03984399999996,2.8660254037844384,1.7320508075688772,4.0,0.0075,0.003,0.012,0.225,0.2,0.25,0.5696652679075638,0.5477225575051661,0.5916079783099616,1.0,0.1,399.9999999999997,True,0.1,0.9,25.0,10000.0,0.938,0.139
compass.d.h+.case5.882,1 - 1 - 2103,301.03984399999996,2.8660254037844384,1.7320508075688772,4.0,0.0075,0.003,0.012,0.225,0.2,0.25,0.6120317551718187,0.5916079783099616,0.6324555320336759,1.0,0.1,399.9999999999997,True,0.1,0.9,25.0,10000.0,0.938,0.139
compass.d.h+.case5.883,1 - 1 - 2103,301.03984399999996,2.8660254037844384,1.7320508075688772,4.0,0.0075,0.003,0.012,0.225,0.2,0.25,0.6553442651731014,0.6324555320336759,0.6782329983125268,1.0,0.1,333.3333333333334,True,0.1,0.9,25.0,10000.0,0.938,0.139
compass.d.h+.case5.884,1 - 1 - 2103,301.03984399999996,2.8660254037844384,1.7320508075688772,4.0,0.0075,0.003,0.012,0.225,0.2,0.25,0.6996716267026624,0.6782329983125268,0.7211102550927979,1.0,0.1,333.3333333333328,True,0.1,0.9,25.0,10000.0,0.938,0.139
compass.d.h+.case5.885,1 - 1 - 2103,301.03984399999996,2.8660254037844384,1.7320508075688772,4.0,0.0075,0.003,0.012,0.225,0.2,0.25,0.7478534621671407,0.7211102550927979,0.7745966692414834,1.0,0.1,250.0000000000002,True,0.1,0.9,25.0,10000.0,0.938,0.139
compass.d.h+.case5.886,1 - 1 - 2103,301.03984399999996,2.8660254037844384,1.7320508075688772,4.0,0.0075,0.003,0.012,0.225,0.2,0.25,0.7996088971825077,0.7745966692414834,0.8246211251235321,1.0,0.1,250.0000000000002,True,0.1,0.9,25.0,10000.0,0.938,0.139
compass.d.h+.case5.887,1 - 1 - 2103,301.03984399999996,2.8660254037844384,1.7320508075688772,4.0,0.0075,0.003,0.012,0.225,0.2,0.25,0.8482004569158335,0.8246211251235321,0.8717797887081347,1.0,0.1,250.0000000000005,True,0.1,0.9,25.0,10000.0,0.938,0.139
compass.d.h+.case5.888,1 - 1 - 2103,301.03984399999996,2.8660254037844384,1.7320508075688772,4.0,0.0075,0.003,0.012,0.225,0.2,0.25,0.902258847008508,0.8717797887081347,0.9327379053088815,1.0,0.1,181.81818181818187,True,0.1,0.9,25.0,10000.0,0.938,0.139
compass.d.h+.case5.889,1 - 1 - 2103,301.03984399999996,2.8660254037844384,1.7320508075688772,4.0,0.0075,0.003,0.012,0.225,0.2,0.25,0.9663689526544408,0.9327379053088815,1.0,1.0,0.1,153.84615384615375,True,0.1,0.9,25.0,10000.0,0.938,0.139
compass.d.h+.case5.890,1 - 1 - 2103,301.03984399999996,2.8660254037844384,1.7320508075688772,4.0,0.0075,0.003,0.012,0.225,0.2,0.25,1.029150262212918,1.0,1.0583005244258363,1.0,0.1,166.66666666666657,True,0.1,0.9,25.0,10000.0,0.938,0.139
compass.d.h+.case5.891,1 - 1 - 2103,301.03984399999996,2.8660254037844384,1.7320508075688772,4.0,0.0075,0.003,0.012,0.225,0.2,0.25,1.0859266984959204,1.0583005244258363,1.1135528725660044,1.0,0.1,166.66666666666657,True,0.1,0.9,25.0,10000.0,0.938,0.139
compass.d.h+.case5.892,1 - 1 - 2103,301.03984399999996,2.8660254037844384,1.7320508075688772,4.0,0.0075,0.003,0.012,0.225,0.2,0.25,1.1441434425065387,1.1135528725660044,1.174734012447073,1.0,0.1,142.85714285714297,True,0.1,0.9,25.0,10000.0,0.938,0.139
compass.d.h+.case5.893,1 - 1 - 2103,301.03984399999996,2.8660254037844384,1.7320508075688772,4.0,0.0075,0.003,0.012,0.225,0.2,0.25,1.2038084065204342,1.174734012447073,1.2328828005937953,1.0,0.1,142.85714285714297,True,0.1,0.9,25.0,10000.0,0.938,0.139
compass.d.h+.case5.894,1 - 1 - 2103,301.03984399999996,2.8660254037844384,1.7320508075688772,4.0,0.0075,0.003,0.012,0.225,0.2,0.25,1.2645154701376837,1.2328828005937953,1.296148139681572,1.0,0.1,125.00000000000026,True,0.1,0.9,25.0,10000.0,0.938,0.139
compass.d.h+.case5.895,1 - 1 - 2103,301.03984399999996,2.8660254037844384,1.7320508075688772,4.0,0.0075,0.003,0.012,0.225,0.2,0.25,1.328147595277558,1.296148139681572,1.3601470508735443,1.0,0.1,117.64705882352933,True,0.1,0.9,25.0,10000.0,0.938,0.139
compass.d.h+.case5.896,1 - 1 - 2103,301.03984399999996,2.8660254037844384,1.7320508075688772,4.0,0.0075,0.003,0.012,0.225,0.2,0.25,1.3959645786005899,1.3601470508735443,1.4317821063276353,1.0,0.1,100.00000000000004,True,0.1,0.9,25.0,10000.0,0.938,0.139
compass.d.h+.case5.897,1 - 1 - 2103,301.03984399999996,2.8660254037844384,1.7320508075688772,4.0,0.0075,0.003,0.012,0.225,0.2,0.25,1.4823765390016121,1.4317821063276353,1.5329709716755893,1.0,0.1,66.66666666666663,True,0.1,0.9,25.0,10000.0,0.938,0.139
compass.d.h+.case5.898,1 - 1 - 2103,301.03984399999996,2.8660254037844384,1.7320508075688772,4.0,0.0075,0.003,0.012,0.225,0.2,0.25,1.58042651564278,1.5329709716755893,1.6278820596099706,1.0,0.1,66.66666666666671,True,0.1,0.9,25.0,10000.0,0.938,0.139
compass.d.h+.case5.899,1 - 1 - 2103,301.03984399999996,2.8660254037844384,1.7320508075688772,4.0,0.0075,0.003,0.012,0.225,0.2,0.25,1.6799664335894238,1.6278820596099706,1.7320508075688772,1.0,0.1,57.14285714285721,True,0.1,0.9,25.0,10000.0,0.938,0.139
compass.d.h+.case5.900,1 - 1 - 2103,301.03984399999996,2.8660254037844384,1.7320508075688772,4.0,0.0075,0.003,0.012,0.275,0.25,0.3,0.17071067811865476,0.1414213562373095,0.2,1.0,0.1,999.9999999999998,True,0.1,0.9,25.0,10000.0,0.938,0.139
compass.d.h+.case5.901,1 - 1 - 2103,301.03984399999996,2.8660254037844384,1.7320508075688772,4.0,0.0075,0.003,0.012,0.275,0.25,0.3,0.2224744871391589,0.2,0.2449489742783178,1.0,0.1,1000.0000000000008,True,0.1,0.9,25.0,10000.0,0.938,0.139
compass.d.h+.case5.902,1 - 1 - 2103,301.03984399999996,2.8660254037844384,1.7320508075688772,4.0,0.0075,0.003,0.012,0.275,0.25,0.3,0.26389584337646843,0.2449489742783178,0.282842712474619,1.0,0.1,1000.0000000000001,True,0.1,0.9,25.0,10000.0,0.938,0.139
compass.d.h+.case5.903,1 - 1 - 2103,301.03984399999996,2.8660254037844384,1.7320508075688772,4.0,0.0075,0.003,0.012,0.275,0.25,0.3,0.29953523924572845,0.282842712474619,0.31622776601683794,1.0,0.1,1000.0000000000001,True,0.1,0.9,25.0,10000.0,0.938,0.139
compass.d.h+.case5.904,1 - 1 - 2103,301.03984399999996,2.8660254037844384,1.7320508075688772,4.0,0.0075,0.003,0.012,0.275,0.25,0.3,0.3313189637653067,0.31622776601683794,0.34641016151377546,1.0,0.1,1000.0000000000008,True,0.1,0.9,25.0,10000.0,0.938,0.139
compass.d.h+.case5.905,1 - 1 - 2103,301.03984399999996,2.8660254037844384,1.7320508075688772,4.0,0.0075,0.003,0.012,0.275,0.25,0.3,0.3602879500955848,0.34641016151377546,0.37416573867739417,1.0,0.1,999.9999999999993,True,0.1,0.9,25.0,10000.0,0.938,0.139
compass.d.h+.case5.906,1 - 1 - 2103,301.03984399999996,2.8660254037844384,1.7320508075688772,4.0,0.0075,0.003,0.012,0.275,0.25,0.3,0.3932381506195801,0.37416573867739417,0.41231056256176607,1.0,0.1,666.6666666666669,True,0.1,0.9,25.0,10000.0,0.938,0.139
compass.d.h+.case5.907,1 - 1 - 2103,301.03984399999996,2.8660254037844384,1.7320508075688772,4.0,0.0075,0.003,0.012,0.275,0.25,0.3,0.429762079030862,0.41231056256176607,0.4472135954999579,1.0,0.1,666.6666666666674,True,0.1,0.9,25.0,10000.0,0.938,0.139
compass.d.h+.case5.908,1 - 1 - 2103,301.03984399999996,2.8660254037844384,1.7320508075688772,4.0,0.0075,0.003,0.012,0.275,0.25,0.3,0.46339837391561495,0.4472135954999579,0.47958315233127197,1.0,0.1,666.6666666666663,True,0.1,0.9,25.0,10000.0,0.938,0.139
compass.d.h+.case5.909,1 - 1 - 2103,301.03984399999996,2.8660254037844384,1.7320508075688772,4.0,0.0075,0.003,0.012,0.275,0.25,0.3,0.4995991973009676,0.47958315233127197,0.5196152422706632,1.0,0.1,499.9999999999993,True,0.1,0.9,25.0,10000.0,0.938,0.139
compass.d.h+.case5.910,1 - 1 - 2103,301.03984399999996,2.8660254037844384,1.7320508075688772,4.0,0.0075,0.003,0.012,0.275,0.25,0.3,0.5336688998879147,0.5196152422706632,0.5477225575051661,1.0,0.1,666.66666666667,True,0.1,0.9,25.0,10000.0,0.938,0.139
compass.d.h+.case5.911,1 - 1 - 2103,301.03984399999996,2.8660254037844384,1.7320508075688772,4.0,0.0075,0.003,0.012,0.275,0.25,0.3,0.5696652679075638,0.5477225575051661,0.5916079783099616,1.0,0.1,399.9999999999997,True,0.1,0.9,25.0,10000.0,0.938,0.139
compass.d.h+.case5.912,1 - 1 - 2103,301.03984399999996,2.8660254037844384,1.7320508075688772,4.0,0.0075,0.003,0.012,0.275,0.25,0.3,0.6120317551718187,0.5916079783099616,0.6324555320336759,1.0,0.1,399.9999999999997,True,0.1,0.9,25.0,10000.0,0.938,0.139
compass.d.h+.case5.913,1 - 1 - 2103,301.03984399999996,2.8660254037844384,1.7320508075688772,4.0,0.0075,0.003,0.012,0.275,0.25,0.3,0.6553442651731014,0.6324555320336759,0.6782329983125268,1.0,0.1,333.3333333333334,True,0.1,0.9,25.0,10000.0,0.938,0.139
compass.d.h+.case5.914,1 - 1 - 2103,301.03984399999996,2.8660254037844384,1.7320508075688772,4.0,0.0075,0.003,0.012,0.275,0.25,0.3,0.6996716267026624,0.6782329983125268,0.7211102550927979,1.0,0.1,333.3333333333328,True,0.1,0.9,25.0,10000.0,0.938,0.139
compass.d.h+.case5.915,1 - 1 - 2103,301.03984399999996,2.8660254037844384,1.7320508075688772,4.0,0.0075,0.003,0.012,0.275,0.25,0.3,0.7478534621671407,0.7211102550927979,0.7745966692414834,1.0,0.1,250.0000000000002,True,0.1,0.9,25.0,10000.0,0.938,0.139
compass.d.h+.case5.916,1 - 1 - 2103,301.03984399999996,2.8660254037844384,1.7320508075688772,4.0,0.0075,0.003,0.012,0.275,0.25,0.3,0.7996088971825077,0.7745966692414834,0.8246211251235321,1.0,0.1,250.0000000000002,True,0.1,0.9,25.0,10000.0,0.938,0.139
compass.d.h+.case5.917,1 - 1 - 2103,301.03984399999996,2.8660254037844384,1.7320508075688772,4.0,0.0075,0.003,0.012,0.275,0.25,0.3,0.8482004569158335,0.8246211251235321,0.8717797887081347,1.0,0.1,250.0000000000005,True,0.1,0.9,25.0,10000.0,0.938,0.139
compass.d.h+.case5.918,1 - 1 - 2103,301.03984399999996,2.8660254037844384,1.7320508075688772,4.0,0.0075,0.003,0.012,0.275,0.25,0.3,0.902258847008508,0.8717797887081347,0.9327379053088815,1.0,0.1,181.81818181818187,True,0.1,0.9,25.0,10000.0,0.938,0.139
compass.d.h+.case5.919,1 - 1 - 2103,301.03984399999996,2.8660254037844384,1.7320508075688772,4.0,0.0075,0.003,0.012,0.275,0.25,0.3,0.9663689526544408,0.9327379053088815,1.0,1.0,0.1,153.84615384615375,True,0.1,0.9,25.0,10000.0,0.938,0.139
compass.d.h+.case5.920,1 - 1 - 2103,301.03984399999996,2.8660254037844384,1.7320508075688772,4.0,0.0075,0.003,0.012,0.275,0.25,0.3,1.029150262212918,1.0,1.0583005244258363,1.0,0.1,166.66666666666657,True,0.1,0.9,25.0,10000.0,0.938,0.139
compass.d.h+.case5.921,1 - 1 - 2103,301.03984399999996,2.8660254037844384,1.7320508075688772,4.0,0.0075,0.003,0.012,0.275,0.25,0.3,1.0859266984959204,1.0583005244258363,1.1135528725660044,1.0,0.1,166.66666666666657,True,0.1,0.9,25.0,10000.0,0.938,0.139
compass.d.h+.case5.922,1 - 1 - 2103,301.03984399999996,2.8660254037844384,1.7320508075688772,4.0,0.0075,0.003,0.012,0.275,0.25,0.3,1.1441434425065387,1.1135528725660044,1.174734012447073,1.0,0.1,142.85714285714297,True,0.1,0.9,25.0,10000.0,0.938,0.139
compass.d.h+.case5.923,1 - 1 - 2103,301.03984399999996,2.8660254037844384,1.7320508075688772,4.0,0.0075,0.003,0.012,0.275,0.25,0.3,1.2038084065204342,1.174734012447073,1.2328828005937953,1.0,0.1,142.85714285714297,True,0.1,0.9,25.0,10000.0,0.938,0.139
compass.d.h+.case5.924,1 - 1 - 2103,301.03984399999996,2.8660254037844384,1.7320508075688772,4.0,0.0075,0.003,0.012,0.275,0.25,0.3,1.2645154701376837,1.2328828005937953,1.296148139681572,1.0,0.1,125.00000000000026,True,0.1,0.9,25.0,10000.0,0.938,0.139
compass.d.h+.case5.925,1 - 1 - 2103,301.03984399999996,2.8660254037844384,1.7320508075688772,4.0,0.0075,0.003,0.012,0.275,0.25,0.3,1.328147595277558,1.296148139681572,1.3601470508735443,1.0,0.1,117.64705882352933,True,0.1,0.9,25.0,10000.0,0.938,0.139
compass.d.h+.case5.926,1 - 1 - 2103,301.03984399999996,2.8660254037844384,1.7320508075688772,4.0,0.0075,0.003,0.012,0.275,0.25,0.3,1.3959645786005899,1.3601470508735443,1.4317821063276353,1.0,0.1,100.00000000000004,True,0.1,0.9,25.0,10000.0,0.938,0.139
compass.d.h+.case5.927,1 - 1 - 2103,301.03984399999996,2.8660254037844384,1.7320508075688772,4.0,0.0075,0.003,0.012,0.275,0.25,0.3,1.4823765390016121,1.4317821063276353,1.5329709716755893,1.0,0.1,66.66666666666663,True,0.1,0.9,25.0,10000.0,0.938,0.139
compass.d.h+.case5.928,1 - 1 - 2103,301.03984399999996,2.8660254037844384,1.7320508075688772,4.0,0.0075,0.003,0.012,0.275,0.25,0.3,1.58042651564278,1.5329709716755893,1.6278820596099706,1.0,0.1,66.66666666666671,True,0.1,0.9,25.0,10000.0,0.938,0.139
compass.d.h+.case5.929,1 - 1 - 2103,301.03984399999996,2.8660254037844384,1.7320508075688772,4.0,0.0075,0.003,0.012,0.275,0.25,0.3,1.6799664335894238,1.6278820596099706,1.7320508075688772,1.0,0.1,57.14285714285721,True,0.1,0.9,25.0,10000.0,0.938,0.139
compass.d.h+.case5.930,1 - 1 - 2103,301.03984399999996,2.8660254037844384,1.7320508075688772,4.0,0.0075,0.003,0.012,0.35,0.3,0.4,0.17071067811865476,0.1414213562373095,0.2,1.0,0.1,499.9999999999996,True,0.1,0.9,25.0,10000.0,0.938,0.139
compass.d.h+.case5.931,1 - 1 - 2103,301.03984399999996,2.8660254037844384,1.7320508075688772,4.0,0.0075,0.003,0.012,0.35,0.3,0.4,0.2224744871391589,0.2,0.2449489742783178,1.0,0.1,500.0000000000001,True,0.1,0.9,25.0,10000.0,0.938,0.139
compass.d.h+.case5.932,1 - 1 - 2103,301.03984399999996,2.8660254037844384,1.7320508075688772,4.0,0.0075,0.003,0.012,0.35,0.3,0.4,0.26389584337646843,0.2449489742783178,0.282842712474619,1.0,0.1,499.9999999999998,True,0.1,0.9,25.0,10000.0,0.938,0.139
compass.d.h+.case5.933,1 - 1 - 2103,301.03984399999996,2.8660254037844384,1.7320508075688772,4.0,0.0075,0.003,0.012,0.35,0.3,0.4,0.29953523924572845,0.282842712474619,0.31622776601683794,1.0,0.1,499.9999999999998,True,0.1,0.9,25.0,10000.0,0.938,0.139
compass.d.h+.case5.934,1 - 1 - 2103,301.03984399999996,2.8660254037844384,1.7320508075688772,4.0,0.0075,0.003,0.012,0.35,0.3,0.4,0.3313189637653067,0.31622776601683794,0.34641016151377546,1.0,0.1,500.0000000000001,True,0.1,0.9,25.0,10000.0,0.938,0.139
compass.d.h+.case5.935,1 - 1 - 2103,301.03984399999996,2.8660254037844384,1.7320508075688772,4.0,0.0075,0.003,0.012,0.35,0.3,0.4,0.3602879500955848,0.34641016151377546,0.37416573867739417,1.0,0.1,499.99999999999943,True,0.1,0.9,25.0,10000.0,0.938,0.139
compass.d.h+.case5.936,1 - 1 - 2103,301.03984399999996,2.8660254037844384,1.7320508075688772,4.0,0.0075,0.003,0.012,0.35,0.3,0.4,0.3932381506195801,0.37416573867739417,0.41231056256176607,1.0,0.1,333.33333333333326,True,0.1,0.9,25.0,10000.0,0.938,0.139
compass.d.h+.case5.937,1 - 1 - 2103,301.03984399999996,2.8660254037844384,1.7320508075688772,4.0,0.0075,0.003,0.012,0.35,0.3,0.4,0.429762079030862,0.41231056256176607,0.4472135954999579,1.0,0.1,333.33333333333354,True,0.1,0.9,25.0,10000.0,0.938,0.139
compass.d.h+.case5.938,1 - 1 - 2103,301.03984399999996,2.8660254037844384,1.7320508075688772,4.0,0.0075,0.003,0.012,0.35,0.3,0.4,0.46339837391561495,0.4472135954999579,0.47958315233127197,1.0,0.1,333.333333333333,True,0.1,0.9,25.0,10000.0,0.938,0.139
compass.d.h+.case5.939,1 - 1 - 2103,301.03984399999996,2.8660254037844384,1.7320508075688772,4.0,0.0075,0.003,0.012,0.35,0.3,0.4,0.4995991973009676,0.47958315233127197,0.5196152422706632,1.0,0.1,249.99999999999952,True,0.1,0.9,25.0,10000.0,0.938,0.139
compass.d.h+.case5.940,1 - 1 - 2103,301.03984399999996,2.8660254037844384,1.7320508075688772,4.0,0.0075,0.003,0.012,0.35,0.3,0.4,0.5336688998879147,0.5196152422706632,0.5477225575051661,1.0,0.1,333.3333333333348,True,0.1,0.9,25.0,10000.0,0.938,0.139
compass.d.h+.case5.941,1 - 1 - 2103,301.03984399999996,2.8660254037844384,1.7320508075688772,4.0,0.0075,0.003,0.012,0.35,0.3,0.4,0.5696652679075638,0.5477225575051661,0.5916079783099616,1.0,0.1,199.99999999999974,True,0.1,0.9,25.0,10000.0,0.938,0.139
compass.d.h+.case5.942,1 - 1 - 2103,301.03984399999996,2.8660254037844384,1.7320508075688772,4.0,0.0075,0.003,0.012,0.35,0.3,0.4,0.6120317551718187,0.5916079783099616,0.6324555320336759,1.0,0.1,199.99999999999974,True,0.1,0.9,25.0,10000.0,0.938,0.139
compass.d.h+.case5.943,1 - 1 - 2103,301.03984399999996,2.8660254037844384,1.7320508075688772,4.0,0.0075,0.003,0.012,0.35,0.3,0.4,0.6553442651731014,0.6324555320336759,0.6782329983125268,1.0,0.1,166.66666666666663,True,0.1,0.9,25.0,10000.0,0.938,0.139
compass.d.h+.case5.944,1 - 1 - 2103,301.03984399999996,2.8660254037844384,1.7320508075688772,4.0,0.0075,0.003,0.012,0.35,0.3,0.4,0.6996716267026624,0.6782329983125268,0.7211102550927979,1.0,0.1,166.66666666666632,True,0.1,0.9,25.0,10000.0,0.938,0.139
compass.d.h+.case5.945,1 - 1 - 2103,301.03984399999996,2.8660254037844384,1.7320508075688772,4.0,0.0075,0.003,0.012,0.35,0.3,0.4,0.7478534621671407,0.7211102550927979,0.7745966692414834,1.0,0.1,125.00000000000003,True,0.1,0.9,25.0,10000.0,0.938,0.139
compass.d.h+.case5.946,1 - 1 - 2103,301.03984399999996,2.8660254037844384,1.7320508075688772,4.0,0.0075,0.003,0.012,0.35,0.3,0.4,0.7996088971825077,0.7745966692414834,0.8246211251235321,1.0,0.1,125.00000000000003,True,0.1,0.9,25.0,10000.0,0.938,0.139
compass.d.h+.case5.947,1 - 1 - 2103,301.03984399999996,2.8660254037844384,1.7320508075688772,4.0,0.0075,0.003,0.012,0.35,0.3,0.4,0.8482004569158335,0.8246211251235321,0.8717797887081347,1.0,0.1,125.00000000000018,True,0.1,0.9,25.0,10000.0,0.938,0.139
compass.d.h+.case5.948,1 - 1 - 2103,301.03984399999996,2.8660254037844384,1.7320508075688772,4.0,0.0075,0.003,0.012,0.35,0.3,0.4,0.902258847008508,0.8717797887081347,0.9327379053088815,1.0,0.1,90.90909090909089,True,0.1,0.9,25.0,10000.0,0.938,0.139
compass.d.h+.case5.949,1 - 1 - 2103,301.03984399999996,2.8660254037844384,1.7320508075688772,4.0,0.0075,0.003,0.012,0.35,0.3,0.4,0.9663689526544408,0.9327379053088815,1.0,1.0,0.1,76.92307692307683,True,0.1,0.9,25.0,10000.0,0.938,0.139
compass.d.h+.case5.950,1 - 1 - 2103,301.03984399999996,2.8660254037844384,1.7320508075688772,4.0,0.0075,0.003,0.012,0.35,0.3,0.4,1.029150262212918,1.0,1.0583005244258363,1.0,0.1,83.33333333333324,True,0.1,0.9,25.0,10000.0,0.938,0.139
compass.d.h+.case5.951,1 - 1 - 2103,301.03984399999996,2.8660254037844384,1.7320508075688772,4.0,0.0075,0.003,0.012,0.35,0.3,0.4,1.0859266984959204,1.0583005244258363,1.1135528725660044,1.0,0.1,83.33333333333324,True,0.1,0.9,25.0,10000.0,0.938,0.139
compass.d.h+.case5.952,1 - 1 - 2103,301.03984399999996,2.8660254037844384,1.7320508075688772,4.0,0.0075,0.003,0.012,0.35,0.3,0.4,1.1441434425065387,1.1135528725660044,1.174734012447073,1.0,0.1,71.42857142857146,True,0.1,0.9,25.0,10000.0,0.938,0.139
compass.d.h+.case5.953,1 - 1 - 2103,301.03984399999996,2.8660254037844384,1.7320508075688772,4.0,0.0075,0.003,0.012,0.35,0.3,0.4,1.2038084065204342,1.174734012447073,1.2328828005937953,1.0,0.1,71.42857142857146,True,0.1,0.9,25.0,10000.0,0.938,0.139
compass.d.h+.case5.954,1 - 1 - 2103,301.03984399999996,2.8660254037844384,1.7320508075688772,4.0,0.0075,0.003,0.012,0.35,0.3,0.4,1.2645154701376837,1.2328828005937953,1.296148139681572,1.0,0.1,62.50000000000009,True,0.1,0.9,25.0,10000.0,0.938,0.139
compass.d.h+.case5.955,1 - 1 - 2103,301.03984399999996,2.8660254037844384,1.7320508075688772,4.0,0.0075,0.003,0.012,0.35,0.3,0.4,1.328147595277558,1.296148139681572,1.3601470508735443,1.0,0.1,58.82352941176464,True,0.1,0.9,25.0,10000.0,0.938,0.139
compass.d.h+.case5.956,1 - 1 - 2103,301.03984399999996,2.8660254037844384,1.7320508075688772,4.0,0.0075,0.003,0.012,0.35,0.3,0.4,1.3959645786005899,1.3601470508735443,1.4317821063276353,1.0,0.1,49.99999999999999,True,0.1,0.9,25.0,10000.0,0.938,0.139
compass.d.h+.case5.957,1 - 1 - 2103,301.03984399999996,2.8660254037844384,1.7320508075688772,4.0,0.0075,0.003,0.012,0.35,0.3,0.4,1.4823765390016121,1.4317821063276353,1.5329709716755893,1.0,0.1,33.33333333333329,True,0.1,0.9,25.0,10000.0,0.938,0.139
compass.d.h+.case5.958,1 - 1 - 2103,301.03984399999996,2.8660254037844384,1.7320508075688772,4.0,0.0075,0.003,0.012,0.35,0.3,0.4,1.58042651564278,1.5329709716755893,1.6278820596099706,1.0,0.1,33.33333333333334,True,0.1,0.9,25.0,10000.0,0.938,0.139
compass.d.h+.case5.959,1 - 1 - 2103,301.03984399999996,2.8660254037844384,1.7320508075688772,4.0,0.0075,0.003,0.012,0.35,0.3,0.4,1.6799664335894238,1.6278820596099706,1.7320508075688772,1.0,0.1,28.57142857142859,True,0.1,0.9,25.0,10000.0,0.938,0.139
compass.d.h+.case5.960,1 - 1 - 2103,301.03984399999996,2.8660254037844384,1.7320508075688772,4.0,0.0075,0.003,0.012,0.47500000000000003,0.4,0.55,0.17071067811865476,0.1414213562373095,0.2,1.0,0.1,333.33333333333314,True,0.1,0.9,25.0,10000.0,0.938,0.139
compass.d.h+.case5.961,1 - 1 - 2103,301.03984399999996,2.8660254037844384,1.7320508075688772,4.0,0.0075,0.003,0.012,0.47500000000000003,0.4,0.55,0.2224744871391589,0.2,0.2449489742783178,1.0,0.1,333.3333333333335,True,0.1,0.9,25.0,10000.0,0.938,0.139
compass.d.h+.case5.962,1 - 1 - 2103,301.03984399999996,2.8660254037844384,1.7320508075688772,4.0,0.0075,0.003,0.012,0.47500000000000003,0.4,0.55,0.26389584337646843,0.2449489742783178,0.282842712474619,1.0,0.1,333.33333333333326,True,0.1,0.9,25.0,10000.0,0.938,0.139
compass.d.h+.case5.963,1 - 1 - 2103,301.03984399999996,2.8660254037844384,1.7320508075688772,4.0,0.0075,0.003,0.012,0.47500000000000003,0.4,0.55,0.29953523924572845,0.282842712474619,0.31622776601683794,1.0,0.1,333.33333333333326,True,0.1,0.9,25.0,10000.0,0.938,0.139
compass.d.h+.case5.964,1 - 1 - 2103,301.03984399999996,2.8660254037844384,1.7320508075688772,4.0,0.0075,0.003,0.012,0.47500000000000003,0.4,0.55,0.3313189637653067,0.31622776601683794,0.34641016151377546,1.0,0.1,333.3333333333335,True,0.1,0.9,25.0,10000.0,0.938,0.139
compass.d.h+.case5.965,1 - 1 - 2103,301.03984399999996,2.8660254037844384,1.7320508075688772,4.0,0.0075,0.003,0.012,0.47500000000000003,0.4,0.55,0.3602879500955848,0.34641016151377546,0.37416573867739417,1.0,0.1,333.333333333333,True,0.1,0.9,25.0,10000.0,0.938,0.139
compass.d.h+.case5.966,1 - 1 - 2103,301.03984399999996,2.8660254037844384,1.7320508075688772,4.0,0.0075,0.003,0.012,0.47500000000000003,0.4,0.55,0.3932381506195801,0.37416573867739417,0.41231056256176607,1.0,0.1,222.2222222222222,True,0.1,0.9,25.0,10000.0,0.938,0.139
compass.d.h+.case5.967,1 - 1 - 2103,301.03984399999996,2.8660254037844384,1.7320508075688772,4.0,0.0075,0.003,0.012,0.47500000000000003,0.4,0.55,0.429762079030862,0.41231056256176607,0.4472135954999579,1.0,0.1,222.2222222222224,True,0.1,0.9,25.0,10000.0,0.938,0.139
compass.d.h+.case5.968,1 - 1 - 2103,301.03984399999996,2.8660254037844384,1.7320508075688772,4.0,0.0075,0.003,0.012,0.47500000000000003,0.4,0.55,0.46339837391561495,0.4472135954999579,0.47958315233127197,1.0,0.1,222.22222222222203,True,0.1,0.9,25.0,10000.0,0.938,0.139
compass.d.h+.case5.969,1 - 1 - 2103,301.03984399999996,2.8660254037844384,1.7320508075688772,4.0,0.0075,0.003,0.012,0.47500000000000003,0.4,0.55,0.4995991973009676,0.47958315233127197,0.5196152422706632,1.0,0.1,166.66666666666637,True,0.1,0.9,25.0,10000.0,0.938,0.139
compass.d.h+.case5.970,1 - 1 - 2103,301.03984399999996,2.8660254037844384,1.7320508075688772,4.0,0.0075,0.003,0.012,0.47500000000000003,0.4,0.55,0.5336688998879147,0.5196152422706632,0.5477225575051661,1.0,0.1,222.22222222222325,True,0.1,0.9,25.0,10000.0,0.938,0.139
compass.d.h+.case5.971,1 - 1 - 2103,301.03984399999996,2.8660254037844384,1.7320508075688772,4.0,0.0075,0.003,0.012,0.47500000000000003,0.4,0.55,0.5696652679075638,0.5477225575051661,0.5916079783099616,1.0,0.1,133.3333333333332,True,0.1,0.9,25.0,10000.0,0.938,0.139
compass.d.h+.case5.972,1 - 1 - 2103,301.03984399999996,2.8660254037844384,1.7320508075688772,4.0,0.0075,0.003,0.012,0.47500000000000003,0.4,0.55,0.6120317551718187,0.5916079783099616,0.6324555320336759,1.0,0.1,133.3333333333332,True,0.1,0.9,25.0,10000.0,0.938,0.139
compass.d.h+.case5.973,1 - 1 - 2103,301.03984399999996,2.8660254037844384,1.7320508075688772,4.0,0.0075,0.003,0.012,0.47500000000000003,0.4,0.55,0.6553442651731014,0.6324555320336759,0.6782329983125268,1.0,0.1,111.1111111111111,True,0.1,0.9,25.0,10000.0,0.938,0.139
compass.d.h+.case5.974,1 - 1 - 2103,301.03984399999996,2.8660254037844384,1.7320508075688772,4.0,0.0075,0.003,0.012,0.47500000000000003,0.4,0.55,0.6996716267026624,0.6782329983125268,0.7211102550927979,1.0,0.1,111.11111111111089,True,0.1,0.9,25.0,10000.0,0.938,0.139
compass.d.h+.case5.975,1 - 1 - 2103,301.03984399999996,2.8660254037844384,1.7320508075688772,4.0,0.0075,0.003,0.012,0.47500000000000003,0.4,0.55,0.7478534621671407,0.7211102550927979,0.7745966692414834,1.0,0.1,83.33333333333337,True,0.1,0.9,25.0,10000.0,0.938,0.139
compass.d.h+.case5.976,1 - 1 - 2103,301.03984399999996,2.8660254037844384,1.7320508075688772,4.0,0.0075,0.003,0.012,0.47500000000000003,0.4,0.55,0.7996088971825077,0.7745966692414834,0.8246211251235321,1.0,0.1,83.33333333333337,True,0.1,0.9,25.0,10000.0,0.938,0.139
compass.d.h+.case5.977,1 - 1 - 2103,301.03984399999996,2.8660254037844384,1.7320508075688772,4.0,0.0075,0.003,0.012,0.47500000000000003,0.4,0.55,0.8482004569158335,0.8246211251235321,0.8717797887081347,1.0,0.1,83.33333333333347,True,0.1,0.9,25.0,10000.0,0.938,0.139
compass.d.h+.case5.978,1 - 1 - 2103,301.03984399999996,2.8660254037844384,1.7320508075688772,4.0,0.0075,0.003,0.012,0.47500000000000003,0.4,0.55,0.902258847008508,0.8717797887081347,0.9327379053088815,1.0,0.1,60.6060606060606,True,0.1,0.9,25.0,10000.0,0.938,0.139
compass.d.h+.case5.979,1 - 1 - 2103,301.03984399999996,2.8660254037844384,1.7320508075688772,4.0,0.0075,0.003,0.012,0.47500000000000003,0.4,0.55,0.9663689526544408,0.9327379053088815,1.0,1.0,0.1,51.28205128205123,True,0.1,0.9,25.0,10000.0,0.938,0.139
compass.d.h+.case5.980,1 - 1 - 2103,301.03984399999996,2.8660254037844384,1.7320508075688772,4.0,0.0075,0.003,0.012,0.47500000000000003,0.4,0.55,1.029150262212918,1.0,1.0583005244258363,1.0,0.1,55.55555555555551,True,0.1,0.9,25.0,10000.0,0.938,0.139
compass.d.h+.case5.981,1 - 1 - 2103,301.03984399999996,2.8660254037844384,1.7320508075688772,4.0,0.0075,0.003,0.012,0.47500000000000003,0.4,0.55,1.0859266984959204,1.0583005244258363,1.1135528725660044,1.0,0.1,55.55555555555551,True,0.1,0.9,25.0,10000.0,0.938,0.139
compass.d.h+.case5.982,1 - 1 - 2103,301.03984399999996,2.8660254037844384,1.7320508075688772,4.0,0.0075,0.003,0.012,0.47500000000000003,0.4,0.55,1.1441434425065387,1.1135528725660044,1.174734012447073,1.0,0.1,47.61904761904764,True,0.1,0.9,25.0,10000.0,0.938,0.139
compass.d.h+.case5.983,1 - 1 - 2103,301.03984399999996,2.8660254037844384,1.7320508075688772,4.0,0.0075,0.003,0.012,0.47500000000000003,0.4,0.55,1.2038084065204342,1.174734012447073,1.2328828005937953,1.0,0.1,47.61904761904764,True,0.1,0.9,25.0,10000.0,0.938,0.139
compass.d.h+.case5.984,1 - 1 - 2103,301.03984399999996,2.8660254037844384,1.7320508075688772,4.0,0.0075,0.003,0.012,0.47500000000000003,0.4,0.55,1.2645154701376837,1.2328828005937953,1.296148139681572,1.0,0.1,41.666666666666735,True,0.1,0.9,25.0,10000.0,0.938,0.139
compass.d.h+.case5.985,1 - 1 - 2103,301.03984399999996,2.8660254037844384,1.7320508075688772,4.0,0.0075,0.003,0.012,0.47500000000000003,0.4,0.55,1.328147595277558,1.296148139681572,1.3601470508735443,1.0,0.1,39.215686274509764,True,0.1,0.9,25.0,10000.0,0.938,0.139
compass.d.h+.case5.986,1 - 1 - 2103,301.03984399999996,2.8660254037844384,1.7320508075688772,4.0,0.0075,0.003,0.012,0.47500000000000003,0.4,0.55,1.3959645786005899,1.3601470508735443,1.4317821063276353,1.0,0.1,33.333333333333336,True,0.1,0.9,25.0,10000.0,0.938,0.139
compass.d.h+.case5.987,1 - 1 - 2103,301.03984399999996,2.8660254037844384,1.7320508075688772,4.0,0.0075,0.003,0.012,0.47500000000000003,0.4,0.55,1.4823765390016121,1.4317821063276353,1.5329709716755893,1.0,0.1,22.2222222222222,True,0.1,0.9,25.0,10000.0,0.938,0.139
compass.d.h+.case5.988,1 - 1 - 2103,301.03984399999996,2.8660254037844384,1.7320508075688772,4.0,0.0075,0.003,0.012,0.47500000000000003,0.4,0.55,1.58042651564278,1.5329709716755893,1.6278820596099706,1.0,0.1,22.222222222222232,True,0.1,0.9,25.0,10000.0,0.938,0.139
compass.d.h+.case5.989,1 - 1 - 2103,301.03984399999996,2.8660254037844384,1.7320508075688772,4.0,0.0075,0.003,0.012,0.47500000000000003,0.4,0.55,1.6799664335894238,1.6278820596099706,1.7320508075688772,1.0,0.1,19.04761904761906,True,0.1,0.9,25.0,10000.0,0.938,0.139
compass.d.h+.case5.990,1 - 1 - 2103,301.03984399999996,2.8660254037844384,1.7320508075688772,4.0,0.0075,0.003,0.012,0.625,0.55,0.7,0.17071067811865476,0.1414213562373095,0.2,1.0,0.1,333.33333333333337,True,0.1,0.9,25.0,10000.0,0.938,0.139
compass.d.h+.case5.991,1 - 1 - 2103,301.03984399999996,2.8660254037844384,1.7320508075688772,4.0,0.0075,0.003,0.012,0.625,0.55,0.7,0.2224744871391589,0.2,0.2449489742783178,1.0,0.1,333.3333333333337,True,0.1,0.9,25.0,10000.0,0.938,0.139
compass.d.h+.case5.992,1 - 1 - 2103,301.03984399999996,2.8660254037844384,1.7320508075688772,4.0,0.0075,0.003,0.012,0.625,0.55,0.7,0.26389584337646843,0.2449489742783178,0.282842712474619,1.0,0.1,333.3333333333335,True,0.1,0.9,25.0,10000.0,0.938,0.139
compass.d.h+.case5.993,1 - 1 - 2103,301.03984399999996,2.8660254037844384,1.7320508075688772,4.0,0.0075,0.003,0.012,0.625,0.55,0.7,0.29953523924572845,0.282842712474619,0.31622776601683794,1.0,0.1,333.3333333333335,True,0.1,0.9,25.0,10000.0,0.938,0.139
compass.d.h+.case5.994,1 - 1 - 2103,301.03984399999996,2.8660254037844384,1.7320508075688772,4.0,0.0075,0.003,0.012,0.625,0.55,0.7,0.3313189637653067,0.31622776601683794,0.34641016151377546,1.0,0.1,333.3333333333337,True,0.1,0.9,25.0,10000.0,0.938,0.139
compass.d.h+.case5.995,1 - 1 - 2103,301.03984399999996,2.8660254037844384,1.7320508075688772,4.0,0.0075,0.003,0.012,0.625,0.55,0.7,0.3602879500955848,0.34641016151377546,0.37416573867739417,1.0,0.1,333.33333333333326,True,0.1,0.9,25.0,10000.0,0.938,0.139
compass.d.h+.case5.996,1 - 1 - 2103,301.03984399999996,2.8660254037844384,1.7320508075688772,4.0,0.0075,0.003,0.012,0.625,0.55,0.7,0.3932381506195801,0.37416573867739417,0.41231056256176607,1.0,0.1,222.22222222222237,True,0.1,0.9,25.0,10000.0,0.938,0.139
compass.d.h+.case5.997,1 - 1 - 2103,301.03984399999996,2.8660254037844384,1.7320508075688772,4.0,0.0075,0.003,0.012,0.625,0.55,0.7,0.429762079030862,0.41231056256176607,0.4472135954999579,1.0,0.1,222.22222222222257,True,0.1,0.9,25.0,10000.0,0.938,0.139
compass.d.h+.case5.998,1 - 1 - 2103,301.03984399999996,2.8660254037844384,1.7320508075688772,4.0,0.0075,0.003,0.012,0.625,0.55,0.7,0.46339837391561495,0.4472135954999579,0.47958315233127197,1.0,0.1,222.22222222222217,True,0.1,0.9,25.0,10000.0,0.938,0.139
compass.d.h+.case5.999,1 - 1 - 2103,301.03984399999996,2.8660254037844384,1.7320508075688772,4.0,0.0075,0.003,0.012,0.625,0.55,0.7,0.4995991973009676,0.47958315233127197,0.5196152422706632,1.0,0.1,166.66666666666652,True,0.1,0.9,25.0,10000.0,0.938,0.139
compass.d.h+.case5.1000,1 - 1 - 2103,301.03984399999996,2.8660254037844384,1.7320508075688772,4.0,0.0075,0.003,0.012,0.625,0.55,0.7,0.5336688998879147,0.5196152422706632,0.5477225575051661,1.0,0.1,222.22222222222342,True,0.1,0.9,25.0,10000.0,0.938,0.139
compass.d.h+.case5.1001,1 - 1 - 2103,301.03984399999996,2.8660254037844384,1.7320508075688772,4.0,0.0075,0.003,0.012,0.625,0.55,0.7,0.5696652679075638,0.5477225575051661,0.5916079783099616,1.0,0.1,133.3333333333333,True,0.1,0.9,25.0,10000.0,0.938,0.139
compass.d.h+.case5.1002,1 - 1 - 2103,301.03984399999996,2.8660254037844384,1.7320508075688772,4.0,0.0075,0.003,0.012,0.625,0.55,0.7,0.6120317551718187,0.5916079783099616,0.6324555320336759,1.0,0.1,133.3333333333333,True,0.1,0.9,25.0,10000.0,0.938,0.139
compass.d.h+.case5.1003,1 - 1 - 2103,301.03984399999996,2.8660254037844384,1.7320508075688772,4.0,0.0075,0.003,0.012,0.625,0.55,0.7,0.6553442651731014,0.6324555320336759,0.6782329983125268,1.0,0.1,111.11111111111119,True,0.1,0.9,25.0,10000.0,0.938,0.139
compass.d.h+.case5.1004,1 - 1 - 2103,301.03984399999996,2.8660254037844384,1.7320508075688772,4.0,0.0075,0.003,0.012,0.625,0.55,0.7,0.6996716267026624,0.6782329983125268,0.7211102550927979,1.0,0.1,111.11111111111097,True,0.1,0.9,25.0,10000.0,0.938,0.139
compass.d.h+.case5.1005,1 - 1 - 2103,301.03984399999996,2.8660254037844384,1.7320508075688772,4.0,0.0075,0.003,0.012,0.625,0.55,0.7,0.7478534621671407,0.7211102550927979,0.7745966692414834,1.0,0.1,83.33333333333343,True,0.1,0.9,25.0,10000.0,0.938,0.139
compass.d.h+.case5.1006,1 - 1 - 2103,301.03984399999996,2.8660254037844384,1.7320508075688772,4.0,0.0075,0.003,0.012,0.625,0.55,0.7,0.7996088971825077,0.7745966692414834,0.8246211251235321,1.0,0.1,83.33333333333343,True,0.1,0.9,25.0,10000.0,0.938,0.139
compass.d.h+.case5.1007,1 - 1 - 2103,301.03984399999996,2.8660254037844384,1.7320508075688772,4.0,0.0075,0.003,0.012,0.625,0.55,0.7,0.8482004569158335,0.8246211251235321,0.8717797887081347,1.0,0.1,83.33333333333354,True,0.1,0.9,25.0,10000.0,0.938,0.139
compass.d.h+.case5.1008,1 - 1 - 2103,301.03984399999996,2.8660254037844384,1.7320508075688772,4.0,0.0075,0.003,0.012,0.625,0.55,0.7,0.902258847008508,0.8717797887081347,0.9327379053088815,1.0,0.1,60.606060606060645,True,0.1,0.9,25.0,10000.0,0.938,0.139
compass.d.h+.case5.1009,1 - 1 - 2103,301.03984399999996,2.8660254037844384,1.7320508075688772,4.0,0.0075,0.003,0.012,0.625,0.55,0.7,0.9663689526544408,0.9327379053088815,1.0,1.0,0.1,51.28205128205126,True,0.1,0.9,25.0,10000.0,0.938,0.139
compass.d.h+.case5.1010,1 - 1 - 2103,301.03984399999996,2.8660254037844384,1.7320508075688772,4.0,0.0075,0.003,0.012,0.625,0.55,0.7,1.029150262212918,1.0,1.0583005244258363,1.0,0.1,55.55555555555554,True,0.1,0.9,25.0,10000.0,0.938,0.139
compass.d.h+.case5.1011,1 - 1 - 2103,301.03984399999996,2.8660254037844384,1.7320508075688772,4.0,0.0075,0.003,0.012,0.625,0.55,0.7,1.0859266984959204,1.0583005244258363,1.1135528725660044,1.0,0.1,55.55555555555554,True,0.1,0.9,25.0,10000.0,0.938,0.139
compass.d.h+.case5.1012,1 - 1 - 2103,301.03984399999996,2.8660254037844384,1.7320508075688772,4.0,0.0075,0.003,0.012,0.625,0.55,0.7,1.1441434425065387,1.1135528725660044,1.174734012447073,1.0,0.1,47.61904761904768,True,0.1,0.9,25.0,10000.0,0.938,0.139
compass.d.h+.case5.1013,1 - 1 - 2103,301.03984399999996,2.8660254037844384,1.7320508075688772,4.0,0.0075,0.003,0.012,0.625,0.55,0.7,1.2038084065204342,1.174734012447073,1.2328828005937953,1.0,0.1,47.61904761904768,True,0.1,0.9,25.0,10000.0,0.938,0.139
compass.d.h+.case5.1014,1 - 1 - 2103,301.03984399999996,2.8660254037844384,1.7320508075688772,4.0,0.0075,0.003,0.012,0.625,0.55,0.7,1.2645154701376837,1.2328828005937953,1.296148139681572,1.0,0.1,41.66666666666677,True,0.1,0.9,25.0,10000.0,0.938,0.139
compass.d.h+.case5.1015,1 - 1 - 2103,301.03984399999996,2.8660254037844384,1.7320508075688772,4.0,0.0075,0.003,0.012,0.625,0.55,0.7,1.328147595277558,1.296148139681572,1.3601470508735443,1.0,0.1,39.21568627450979,True,0.1,0.9,25.0,10000.0,0.938,0.139
compass.d.h+.case5.1016,1 - 1 - 2103,301.03984399999996,2.8660254037844384,1.7320508075688772,4.0,0.0075,0.003,0.012,0.625,0.55,0.7,1.3959645786005899,1.3601470508735443,1.4317821063276353,1.0,0.1,33.33333333333336,True,0.1,0.9,25.0,10000.0,0.938,0.139
compass.d.h+.case5.1017,1 - 1 - 2103,301.03984399999996,2.8660254037844384,1.7320508075688772,4.0,0.0075,0.003,0.012,0.625,0.55,0.7,1.4823765390016121,1.4317821063276353,1.5329709716755893,1.0,0.1,22.222222222222214,True,0.1,0.9,25.0,10000.0,0.938,0.139
compass.d.h+.case5.1018,1 - 1 - 2103,301.03984399999996,2.8660254037844384,1.7320508075688772,4.0,0.0075,0.003,0.012,0.625,0.55,0.7,1.58042651564278,1.5329709716755893,1.6278820596099706,1.0,0.1,22.22222222222225,True,0.1,0.9,25.0,10000.0,0.938,0.139
compass.d.h+.case5.1019,1 - 1 - 2103,301.03984399999996,2.8660254037844384,1.7320508075688772,4.0,0.0075,0.003,0.012,0.625,0.55,0.7,1.6799664335894238,1.6278820596099706,1.7320508075688772,1.0,0.1,19.047619047619076,True,0.1,0.9,25.0,10000.0,0.938,0.139
compass.d.h+.case5.1020,1 - 1 - 2103,301.03984399999996,2.8660254037844384,1.7320508075688772,4.0,0.0075,0.003,0.012,0.7749999999999999,0.7,0.85,0.17071067811865476,0.1414213562373095,0.2,1.0,0.1,333.33333333333314,True,0.1,0.9,25.0,10000.0,0.938,0.139
compass.d.h+.case5.1021,1 - 1 - 2103,301.03984399999996,2.8660254037844384,1.7320508075688772,4.0,0.0075,0.003,0.012,0.7749999999999999,0.7,0.85,0.2224744871391589,0.2,0.2449489742783178,1.0,0.1,333.3333333333335,True,0.1,0.9,25.0,10000.0,0.938,0.139
compass.d.h+.case5.1022,1 - 1 - 2103,301.03984399999996,2.8660254037844384,1.7320508075688772,4.0,0.0075,0.003,0.012,0.7749999999999999,0.7,0.85,0.26389584337646843,0.2449489742783178,0.282842712474619,1.0,0.1,333.33333333333326,True,0.1,0.9,25.0,10000.0,0.938,0.139
compass.d.h+.case5.1023,1 - 1 - 2103,301.03984399999996,2.8660254037844384,1.7320508075688772,4.0,0.0075,0.003,0.012,0.7749999999999999,0.7,0.85,0.29953523924572845,0.282842712474619,0.31622776601683794,1.0,0.1,333.33333333333326,True,0.1,0.9,25.0,10000.0,0.938,0.139
compass.d.h+.case5.1024,1 - 1 - 2103,301.03984399999996,2.8660254037844384,1.7320508075688772,4.0,0.0075,0.003,0.012,0.7749999999999999,0.7,0.85,0.3313189637653067,0.31622776601683794,0.34641016151377546,1.0,0.1,333.3333333333335,True,0.1,0.9,25.0,10000.0,0.938,0.139
compass.d.h+.case5.1025,1 - 1 - 2103,301.03984399999996,2.8660254037844384,1.7320508075688772,4.0,0.0075,0.003,0.012,0.7749999999999999,0.7,0.85,0.3602879500955848,0.34641016151377546,0.37416573867739417,1.0,0.1,333.333333333333,True,0.1,0.9,25.0,10000.0,0.938,0.139
compass.d.h+.case5.1026,1 - 1 - 2103,301.03984399999996,2.8660254037844384,1.7320508075688772,4.0,0.0075,0.003,0.012,0.7749999999999999,0.7,0.85,0.3932381506195801,0.37416573867739417,0.41231056256176607,1.0,0.1,222.2222222222222,True,0.1,0.9,25.0,10000.0,0.938,0.139
compass.d.h+.case5.1027,1 - 1 - 2103,301.03984399999996,2.8660254037844384,1.7320508075688772,4.0,0.0075,0.003,0.012,0.7749999999999999,0.7,0.85,0.429762079030862,0.41231056256176607,0.4472135954999579,1.0,0.1,222.2222222222224,True,0.1,0.9,25.0,10000.0,0.938,0.139
compass.d.h+.case5.1028,1 - 1 - 2103,301.03984399999996,2.8660254037844384,1.7320508075688772,4.0,0.0075,0.003,0.012,0.7749999999999999,0.7,0.85,0.46339837391561495,0.4472135954999579,0.47958315233127197,1.0,0.1,222.22222222222203,True,0.1,0.9,25.0,10000.0,0.938,0.139
compass.d.h+.case5.1029,1 - 1 - 2103,301.03984399999996,2.8660254037844384,1.7320508075688772,4.0,0.0075,0.003,0.012,0.7749999999999999,0.7,0.85,0.4995991973009676,0.47958315233127197,0.5196152422706632,1.0,0.1,166.66666666666637,True,0.1,0.9,25.0,10000.0,0.938,0.139
compass.d.h+.case5.1030,1 - 1 - 2103,301.03984399999996,2.8660254037844384,1.7320508075688772,4.0,0.0075,0.003,0.012,0.7749999999999999,0.7,0.85,0.5336688998879147,0.5196152422706632,0.5477225575051661,1.0,0.1,222.22222222222325,True,0.1,0.9,25.0,10000.0,0.938,0.139
compass.d.h+.case5.1031,1 - 1 - 2103,301.03984399999996,2.8660254037844384,1.7320508075688772,4.0,0.0075,0.003,0.012,0.7749999999999999,0.7,0.85,0.5696652679075638,0.5477225575051661,0.5916079783099616,1.0,0.1,133.3333333333332,True,0.1,0.9,25.0,10000.0,0.938,0.139
compass.d.h+.case5.1032,1 - 1 - 2103,301.03984399999996,2.8660254037844384,1.7320508075688772,4.0,0.0075,0.003,0.012,0.7749999999999999,0.7,0.85,0.6120317551718187,0.5916079783099616,0.6324555320336759,1.0,0.1,133.3333333333332,True,0.1,0.9,25.0,10000.0,0.938,0.139
compass.d.h+.case5.1033,1 - 1 - 2103,301.03984399999996,2.8660254037844384,1.7320508075688772,4.0,0.0075,0.003,0.012,0.7749999999999999,0.7,0.85,0.6553442651731014,0.6324555320336759,0.6782329983125268,1.0,0.1,111.1111111111111,True,0.1,0.9,25.0,10000.0,0.938,0.139
compass.d.h+.case5.1034,1 - 1 - 2103,301.03984399999996,2.8660254037844384,1.7320508075688772,4.0,0.0075,0.003,0.012,0.7749999999999999,0.7,0.85,0.6996716267026624,0.6782329983125268,0.7211102550927979,1.0,0.1,111.11111111111089,True,0.1,0.9,25.0,10000.0,0.938,0.139
compass.d.h+.case5.1035,1 - 1 - 2103,301.03984399999996,2.8660254037844384,1.7320508075688772,4.0,0.0075,0.003,0.012,0.7749999999999999,0.7,0.85,0.7478534621671407,0.7211102550927979,0.7745966692414834,1.0,0.1,83.33333333333337,True,0.1,0.9,25.0,10000.0,0.938,0.139
compass.d.h+.case5.1036,1 - 1 - 2103,301.03984399999996,2.8660254037844384,1.7320508075688772,4.0,0.0075,0.003,0.012,0.7749999999999999,0.7,0.85,0.7996088971825077,0.7745966692414834,0.8246211251235321,1.0,0.1,83.33333333333337,True,0.1,0.9,25.0,10000.0,0.938,0.139
compass.d.h+.case5.1037,1 - 1 - 2103,301.03984399999996,2.8660254037844384,1.7320508075688772,4.0,0.0075,0.003,0.012,0.7749999999999999,0.7,0.85,0.8482004569158335,0.8246211251235321,0.8717797887081347,1.0,0.1,83.33333333333347,True,0.1,0.9,25.0,10000.0,0.938,0.139
compass.d.h+.case5.1038,1 - 1 - 2103,301.03984399999996,2.8660254037844384,1.7320508075688772,4.0,0.0075,0.003,0.012,0.7749999999999999,0.7,0.85,0.902258847008508,0.8717797887081347,0.9327379053088815,1.0,0.1,60.6060606060606,True,0.1,0.9,25.0,10000.0,0.938,0.139
compass.d.h+.case5.1039,1 - 1 - 2103,301.03984399999996,2.8660254037844384,1.7320508075688772,4.0,0.0075,0.003,0.012,0.7749999999999999,0.7,0.85,0.9663689526544408,0.9327379053088815,1.0,1.0,0.1,51.28205128205123,True,0.1,0.9,25.0,10000.0,0.938,0.139
compass.d.h+.case5.1040,1 - 1 - 2103,301.03984399999996,2.8660254037844384,1.7320508075688772,4.0,0.0075,0.003,0.012,0.7749999999999999,0.7,0.85,1.029150262212918,1.0,1.0583005244258363,1.0,0.1,55.55555555555551,True,0.1,0.9,25.0,10000.0,0.938,0.139
compass.d.h+.case5.1041,1 - 1 - 2103,301.03984399999996,2.8660254037844384,1.7320508075688772,4.0,0.0075,0.003,0.012,0.7749999999999999,0.7,0.85,1.0859266984959204,1.0583005244258363,1.1135528725660044,1.0,0.1,55.55555555555551,True,0.1,0.9,25.0,10000.0,0.938,0.139
compass.d.h+.case5.1042,1 - 1 - 2103,301.03984399999996,2.8660254037844384,1.7320508075688772,4.0,0.0075,0.003,0.012,0.7749999999999999,0.7,0.85,1.1441434425065387,1.1135528725660044,1.174734012447073,1.0,0.1,47.61904761904764,True,0.1,0.9,25.0,10000.0,0.938,0.139
compass.d.h+.case5.1043,1 - 1 - 2103,301.03984399999996,2.8660254037844384,1.7320508075688772,4.0,0.0075,0.003,0.012,0.7749999999999999,0.7,0.85,1.2038084065204342,1.174734012447073,1.2328828005937953,1.0,0.1,47.61904761904764,True,0.1,0.9,25.0,10000.0,0.938,0.139
compass.d.h+.case5.1044,1 - 1 - 2103,301.03984399999996,2.8660254037844384,1.7320508075688772,4.0,0.0075,0.003,0.012,0.7749999999999999,0.7,0.85,1.2645154701376837,1.2328828005937953,1.296148139681572,1.0,0.1,41.666666666666735,True,0.1,0.9,25.0,10000.0,0.938,0.139
compass.d.h+.case5.1045,1 - 1 - 2103,301.03984399999996,2.8660254037844384,1.7320508075688772,4.0,0.0075,0.003,0.012,0.7749999999999999,0.7,0.85,1.328147595277558,1.296148139681572,1.3601470508735443,1.0,0.1,39.215686274509764,True,0.1,0.9,25.0,10000.0,0.938,0.139
compass.d.h+.case5.1046,1 - 1 - 2103,301.03984399999996,2.8660254037844384,1.7320508075688772,4.0,0.0075,0.003,0.012,0.7749999999999999,0.7,0.85,1.3959645786005899,1.3601470508735443,1.4317821063276353,1.0,0.1,33.333333333333336,True,0.1,0.9,25.0,10000.0,0.938,0.139
compass.d.h+.case5.1047,1 - 1 - 2103,301.03984399999996,2.8660254037844384,1.7320508075688772,4.0,0.0075,0.003,0.012,0.7749999999999999,0.7,0.85,1.4823765390016121,1.4317821063276353,1.5329709716755893,1.0,0.1,22.2222222222222,True,0.1,0.9,25.0,10000.0,0.938,0.139
compass.d.h+.case5.1048,1 - 1 - 2103,301.03984399999996,2.8660254037844384,1.7320508075688772,4.0,0.0075,0.003,0.012,0.7749999999999999,0.7,0.85,1.58042651564278,1.5329709716755893,1.6278820596099706,1.0,0.1,22.222222222222232,True,0.1,0.9,25.0,10000.0,0.938,0.139
compass.d.h+.case5.1049,1 - 1 - 2103,301.03984399999996,2.8660254037844384,1.7320508075688772,4.0,0.0075,0.003,0.012,0.7749999999999999,0.7,0.85,1.6799664335894238,1.6278820596099706,1.7320508075688772,1.0,0.1,19.04761904761906,True,0.1,0.9,25.0,10000.0,0.938,0.139
compass.d.h+.case5.1050,1 - 1 - 2103,301.03984399999996,2.8660254037844384,1.7320508075688772,4.0,0.016,0.012,0.02,0.15000000000000002,0.1,0.2,0.17071067811865476,0.1414213562373095,0.2,1.0,0.1,499.9999999999998,True,0.1,0.9,25.0,10000.0,0.938,0.139
compass.d.h+.case5.1051,1 - 1 - 2103,301.03984399999996,2.8660254037844384,1.7320508075688772,4.0,0.016,0.012,0.02,0.15000000000000002,0.1,0.2,0.2224744871391589,0.2,0.2449489742783178,1.0,0.1,500.0000000000003,True,0.1,0.9,25.0,10000.0,0.938,0.139
compass.d.h+.case5.1052,1 - 1 - 2103,301.03984399999996,2.8660254037844384,1.7320508075688772,4.0,0.016,0.012,0.02,0.15000000000000002,0.1,0.2,0.26389584337646843,0.2449489742783178,0.282842712474619,1.0,0.1,499.9999999999999,True,0.1,0.9,25.0,10000.0,0.938,0.139
compass.d.h+.case5.1053,1 - 1 - 2103,301.03984399999996,2.8660254037844384,1.7320508075688772,4.0,0.016,0.012,0.02,0.15000000000000002,0.1,0.2,0.29953523924572845,0.282842712474619,0.31622776601683794,1.0,0.1,499.9999999999999,True,0.1,0.9,25.0,10000.0,0.938,0.139
compass.d.h+.case5.1054,1 - 1 - 2103,301.03984399999996,2.8660254037844384,1.7320508075688772,4.0,0.016,0.012,0.02,0.15000000000000002,0.1,0.2,0.3313189637653067,0.31622776601683794,0.34641016151377546,1.0,0.1,500.0000000000003,True,0.1,0.9,25.0,10000.0,0.938,0.139
compass.d.h+.case5.1055,1 - 1 - 2103,301.03984399999996,2.8660254037844384,1.7320508075688772,4.0,0.016,0.012,0.02,0.15000000000000002,0.1,0.2,0.3602879500955848,0.34641016151377546,0.37416573867739417,1.0,0.1,499.99999999999955,True,0.1,0.9,25.0,10000.0,0.938,0.139
compass.d.h+.case5.1056,1 - 1 - 2103,301.03984399999996,2.8660254037844384,1.7320508075688772,4.0,0.016,0.012,0.02,0.15000000000000002,0.1,0.2,0.3932381506195801,0.37416573867739417,0.41231056256176607,1.0,0.1,333.3333333333333,True,0.1,0.9,25.0,10000.0,0.938,0.139
compass.d.h+.case5.1057,1 - 1 - 2103,301.03984399999996,2.8660254037844384,1.7320508075688772,4.0,0.016,0.012,0.02,0.15000000000000002,0.1,0.2,0.429762079030862,0.41231056256176607,0.4472135954999579,1.0,0.1,333.3333333333336,True,0.1,0.9,25.0,10000.0,0.938,0.139
compass.d.h+.case5.1058,1 - 1 - 2103,301.03984399999996,2.8660254037844384,1.7320508075688772,4.0,0.016,0.012,0.02,0.15000000000000002,0.1,0.2,0.46339837391561495,0.4472135954999579,0.47958315233127197,1.0,0.1,333.33333333333303,True,0.1,0.9,25.0,10000.0,0.938,0.139
compass.d.h+.case5.1059,1 - 1 - 2103,301.03984399999996,2.8660254037844384,1.7320508075688772,4.0,0.016,0.012,0.02,0.15000000000000002,0.1,0.2,0.4995991973009676,0.47958315233127197,0.5196152422706632,1.0,0.1,249.9999999999996,True,0.1,0.9,25.0,10000.0,0.938,0.139
compass.d.h+.case5.1060,1 - 1 - 2103,301.03984399999996,2.8660254037844384,1.7320508075688772,4.0,0.016,0.012,0.02,0.15000000000000002,0.1,0.2,0.5336688998879147,0.5196152422706632,0.5477225575051661,1.0,0.1,333.3333333333349,True,0.1,0.9,25.0,10000.0,0.938,0.139
compass.d.h+.case5.1061,1 - 1 - 2103,301.03984399999996,2.8660254037844384,1.7320508075688772,4.0,0.016,0.012,0.02,0.15000000000000002,0.1,0.2,0.5696652679075638,0.5477225575051661,0.5916079783099616,1.0,0.1,199.9999999999998,True,0.1,0.9,25.0,10000.0,0.938,0.139
compass.d.h+.case5.1062,1 - 1 - 2103,301.03984399999996,2.8660254037844384,1.7320508075688772,4.0,0.016,0.012,0.02,0.15000000000000002,0.1,0.2,0.6120317551718187,0.5916079783099616,0.6324555320336759,1.0,0.1,199.9999999999998,True,0.1,0.9,25.0,10000.0,0.938,0.139
compass.d.h+.case5.1063,1 - 1 - 2103,301.03984399999996,2.8660254037844384,1.7320508075688772,4.0,0.016,0.012,0.02,0.15000000000000002,0.1,0.2,0.6553442651731014,0.6324555320336759,0.6782329983125268,1.0,0.1,166.66666666666666,True,0.1,0.9,25.0,10000.0,0.938,0.139
compass.d.h+.case5.1064,1 - 1 - 2103,301.03984399999996,2.8660254037844384,1.7320508075688772,4.0,0.016,0.012,0.02,0.15000000000000002,0.1,0.2,0.6996716267026624,0.6782329983125268,0.7211102550927979,1.0,0.1,166.66666666666634,True,0.1,0.9,25.0,10000.0,0.938,0.139
compass.d.h+.case5.1065,1 - 1 - 2103,301.03984399999996,2.8660254037844384,1.7320508075688772,4.0,0.016,0.012,0.02,0.15000000000000002,0.1,0.2,0.7478534621671407,0.7211102550927979,0.7745966692414834,1.0,0.1,125.00000000000007,True,0.1,0.9,25.0,10000.0,0.938,0.139
compass.d.h+.case5.1066,1 - 1 - 2103,301.03984399999996,2.8660254037844384,1.7320508075688772,4.0,0.016,0.012,0.02,0.15000000000000002,0.1,0.2,0.7996088971825077,0.7745966692414834,0.8246211251235321,1.0,0.1,125.00000000000007,True,0.1,0.9,25.0,10000.0,0.938,0.139
compass.d.h+.case5.1067,1 - 1 - 2103,301.03984399999996,2.8660254037844384,1.7320508075688772,4.0,0.016,0.012,0.02,0.15000000000000002,0.1,0.2,0.8482004569158335,0.8246211251235321,0.8717797887081347,1.0,0.1,125.00000000000023,True,0.1,0.9,25.0,10000.0,0.938,0.139
compass.d.h+.case5.1068,1 - 1 - 2103,301.03984399999996,2.8660254037844384,1.7320508075688772,4.0,0.016,0.012,0.02,0.15000000000000002,0.1,0.2,0.902258847008508,0.8717797887081347,0.9327379053088815,1.0,0.1,90.9090909090909,True,0.1,0.9,25.0,10000.0,0.938,0.139
compass.d.h+.case5.1069,1 - 1 - 2103,301.03984399999996,2.8660254037844384,1.7320508075688772,4.0,0.016,0.012,0.02,0.15000000000000002,0.1,0.2,0.9663689526544408,0.9327379053088815,1.0,1.0,0.1,76.92307692307685,True,0.1,0.9,25.0,10000.0,0.938,0.139
compass.d.h+.case5.1070,1 - 1 - 2103,301.03984399999996,2.8660254037844384,1.7320508075688772,4.0,0.016,0.012,0.02,0.15000000000000002,0.1,0.2,1.029150262212918,1.0,1.0583005244258363,1.0,0.1,83.33333333333326,True,0.1,0.9,25.0,10000.0,0.938,0.139
compass.d.h+.case5.1071,1 - 1 - 2103,301.03984399999996,2.8660254037844384,1.7320508075688772,4.0,0.016,0.012,0.02,0.15000000000000002,0.1,0.2,1.0859266984959204,1.0583005244258363,1.1135528725660044,1.0,0.1,83.33333333333326,True,0.1,0.9,25.0,10000.0,0.938,0.139
compass.d.h+.case5.1072,1 - 1 - 2103,301.03984399999996,2.8660254037844384,1.7320508075688772,4.0,0.016,0.012,0.02,0.15000000000000002,0.1,0.2,1.1441434425065387,1.1135528725660044,1.174734012447073,1.0,0.1,71.42857142857147,True,0.1,0.9,25.0,10000.0,0.938,0.139
compass.d.h+.case5.1073,1 - 1 - 2103,301.03984399999996,2.8660254037844384,1.7320508075688772,4.0,0.016,0.012,0.02,0.15000000000000002,0.1,0.2,1.2038084065204342,1.174734012447073,1.2328828005937953,1.0,0.1,71.42857142857147,True,0.1,0.9,25.0,10000.0,0.938,0.139
compass.d.h+.case5.1074,1 - 1 - 2103,301.03984399999996,2.8660254037844384,1.7320508075688772,4.0,0.016,0.012,0.02,0.15000000000000002,0.1,0.2,1.2645154701376837,1.2328828005937953,1.296148139681572,1.0,0.1,62.500000000000114,True,0.1,0.9,25.0,10000.0,0.938,0.139
compass.d.h+.case5.1075,1 - 1 - 2103,301.03984399999996,2.8660254037844384,1.7320508075688772,4.0,0.016,0.012,0.02,0.15000000000000002,0.1,0.2,1.328147595277558,1.296148139681572,1.3601470508735443,1.0,0.1,58.82352941176465,True,0.1,0.9,25.0,10000.0,0.938,0.139
compass.d.h+.case5.1076,1 - 1 - 2103,301.03984399999996,2.8660254037844384,1.7320508075688772,4.0,0.016,0.012,0.02,0.15000000000000002,0.1,0.2,1.3959645786005899,1.3601470508735443,1.4317821063276353,1.0,0.1,50.00000000000001,True,0.1,0.9,25.0,10000.0,0.938,0.139
compass.d.h+.case5.1077,1 - 1 - 2103,301.03984399999996,2.8660254037844384,1.7320508075688772,4.0,0.016,0.012,0.02,0.15000000000000002,0.1,0.2,1.4823765390016121,1.4317821063276353,1.5329709716755893,1.0,0.1,33.3333333333333,True,0.1,0.9,25.0,10000.0,0.938,0.139
compass.d.h+.case5.1078,1 - 1 - 2103,301.03984399999996,2.8660254037844384,1.7320508075688772,4.0,0.016,0.012,0.02,0.15000000000000002,0.1,0.2,1.58042651564278,1.5329709716755893,1.6278820596099706,1.0,0.1,33.33333333333335,True,0.1,0.9,25.0,10000.0,0.938,0.139
compass.d.h+.case5.1079,1 - 1 - 2103,301.03984399999996,2.8660254037844384,1.7320508075688772,4.0,0.016,0.012,0.02,0.15000000000000002,0.1,0.2,1.6799664335894238,1.6278820596099706,1.7320508075688772,1.0,0.1,28.571428571428598,True,0.1,0.9,25.0,10000.0,0.938,0.139
compass.d.h+.case5.1080,1 - 1 - 2103,301.03984399999996,2.8660254037844384,1.7320508075688772,4.0,0.016,0.012,0.02,0.225,0.2,0.25,0.17071067811865476,0.1414213562373095,0.2,1.0,0.1,999.9999999999998,True,0.1,0.9,25.0,10000.0,0.938,0.139
compass.d.h+.case5.1081,1 - 1 - 2103,301.03984399999996,2.8660254037844384,1.7320508075688772,4.0,0.016,0.012,0.02,0.225,0.2,0.25,0.2224744871391589,0.2,0.2449489742783178,1.0,0.1,1000.0000000000008,True,0.1,0.9,25.0,10000.0,0.938,0.139
compass.d.h+.case5.1082,1 - 1 - 2103,301.03984399999996,2.8660254037844384,1.7320508075688772,4.0,0.016,0.012,0.02,0.225,0.2,0.25,0.26389584337646843,0.2449489742783178,0.282842712474619,1.0,0.1,1000.0000000000001,True,0.1,0.9,25.0,10000.0,0.938,0.139
compass.d.h+.case5.1083,1 - 1 - 2103,301.03984399999996,2.8660254037844384,1.7320508075688772,4.0,0.016,0.012,0.02,0.225,0.2,0.25,0.29953523924572845,0.282842712474619,0.31622776601683794,1.0,0.1,1000.0000000000001,True,0.1,0.9,25.0,10000.0,0.938,0.139
compass.d.h+.case5.1084,1 - 1 - 2103,301.03984399999996,2.8660254037844384,1.7320508075688772,4.0,0.016,0.012,0.02,0.225,0.2,0.25,0.3313189637653067,0.31622776601683794,0.34641016151377546,1.0,0.1,1000.0000000000008,True,0.1,0.9,25.0,10000.0,0.938,0.139
compass.d.h+.case5.1085,1 - 1 - 2103,301.03984399999996,2.8660254037844384,1.7320508075688772,4.0,0.016,0.012,0.02,0.225,0.2,0.25,0.3602879500955848,0.34641016151377546,0.37416573867739417,1.0,0.1,999.9999999999993,True,0.1,0.9,25.0,10000.0,0.938,0.139
compass.d.h+.case5.1086,1 - 1 - 2103,301.03984399999996,2.8660254037844384,1.7320508075688772,4.0,0.016,0.012,0.02,0.225,0.2,0.25,0.3932381506195801,0.37416573867739417,0.41231056256176607,1.0,0.1,666.6666666666669,True,0.1,0.9,25.0,10000.0,0.938,0.139
compass.d.h+.case5.1087,1 - 1 - 2103,301.03984399999996,2.8660254037844384,1.7320508075688772,4.0,0.016,0.012,0.02,0.225,0.2,0.25,0.429762079030862,0.41231056256176607,0.4472135954999579,1.0,0.1,666.6666666666674,True,0.1,0.9,25.0,10000.0,0.938,0.139
compass.d.h+.case5.1088,1 - 1 - 2103,301.03984399999996,2.8660254037844384,1.7320508075688772,4.0,0.016,0.012,0.02,0.225,0.2,0.25,0.46339837391561495,0.4472135954999579,0.47958315233127197,1.0,0.1,666.6666666666663,True,0.1,0.9,25.0,10000.0,0.938,0.139
compass.d.h+.case5.1089,1 - 1 - 2103,301.03984399999996,2.8660254037844384,1.7320508075688772,4.0,0.016,0.012,0.02,0.225,0.2,0.25,0.4995991973009676,0.47958315233127197,0.5196152422706632,1.0,0.1,499.9999999999993,True,0.1,0.9,25.0,10000.0,0.938,0.139
compass.d.h+.case5.1090,1 - 1 - 2103,301.03984399999996,2.8660254037844384,1.7320508075688772,4.0,0.016,0.012,0.02,0.225,0.2,0.25,0.5336688998879147,0.5196152422706632,0.5477225575051661,1.0,0.1,666.66666666667,True,0.1,0.9,25.0,10000.0,0.938,0.139
compass.d.h+.case5.1091,1 - 1 - 2103,301.03984399999996,2.8660254037844384,1.7320508075688772,4.0,0.016,0.012,0.02,0.225,0.2,0.25,0.5696652679075638,0.5477225575051661,0.5916079783099616,1.0,0.1,399.9999999999997,True,0.1,0.9,25.0,10000.0,0.938,0.139
compass.d.h+.case5.1092,1 - 1 - 2103,301.03984399999996,2.8660254037844384,1.7320508075688772,4.0,0.016,0.012,0.02,0.225,0.2,0.25,0.6120317551718187,0.5916079783099616,0.6324555320336759,1.0,0.1,399.9999999999997,True,0.1,0.9,25.0,10000.0,0.938,0.139
compass.d.h+.case5.1093,1 - 1 - 2103,301.03984399999996,2.8660254037844384,1.7320508075688772,4.0,0.016,0.012,0.02,0.225,0.2,0.25,0.6553442651731014,0.6324555320336759,0.6782329983125268,1.0,0.1,333.3333333333334,True,0.1,0.9,25.0,10000.0,0.938,0.139
compass.d.h+.case5.1094,1 - 1 - 2103,301.03984399999996,2.8660254037844384,1.7320508075688772,4.0,0.016,0.012,0.02,0.225,0.2,0.25,0.6996716267026624,0.6782329983125268,0.7211102550927979,1.0,0.1,333.3333333333328,True,0.1,0.9,25.0,10000.0,0.938,0.139
compass.d.h+.case5.1095,1 - 1 - 2103,301.03984399999996,2.8660254037844384,1.7320508075688772,4.0,0.016,0.012,0.02,0.225,0.2,0.25,0.7478534621671407,0.7211102550927979,0.7745966692414834,1.0,0.1,250.0000000000002,True,0.1,0.9,25.0,10000.0,0.938,0.139
compass.d.h+.case5.1096,1 - 1 - 2103,301.03984399999996,2.8660254037844384,1.7320508075688772,4.0,0.016,0.012,0.02,0.225,0.2,0.25,0.7996088971825077,0.7745966692414834,0.8246211251235321,1.0,0.1,250.0000000000002,True,0.1,0.9,25.0,10000.0,0.938,0.139
compass.d.h+.case5.1097,1 - 1 - 2103,301.03984399999996,2.8660254037844384,1.7320508075688772,4.0,0.016,0.012,0.02,0.225,0.2,0.25,0.8482004569158335,0.8246211251235321,0.8717797887081347,1.0,0.1,250.0000000000005,True,0.1,0.9,25.0,10000.0,0.938,0.139
compass.d.h+.case5.1098,1 - 1 - 2103,301.03984399999996,2.8660254037844384,1.7320508075688772,4.0,0.016,0.012,0.02,0.225,0.2,0.25,0.902258847008508,0.8717797887081347,0.9327379053088815,1.0,0.1,181.81818181818187,True,0.1,0.9,25.0,10000.0,0.938,0.139
compass.d.h+.case5.1099,1 - 1 - 2103,301.03984399999996,2.8660254037844384,1.7320508075688772,4.0,0.016,0.012,0.02,0.225,0.2,0.25,0.9663689526544408,0.9327379053088815,1.0,1.0,0.1,153.84615384615375,True,0.1,0.9,25.0,10000.0,0.938,0.139
compass.d.h+.case5.1100,1 - 1 - 2103,301.03984399999996,2.8660254037844384,1.7320508075688772,4.0,0.016,0.012,0.02,0.225,0.2,0.25,1.029150262212918,1.0,1.0583005244258363,1.0,0.1,166.66666666666657,True,0.1,0.9,25.0,10000.0,0.938,0.139
compass.d.h+.case5.1101,1 - 1 - 2103,301.03984399999996,2.8660254037844384,1.7320508075688772,4.0,0.016,0.012,0.02,0.225,0.2,0.25,1.0859266984959204,1.0583005244258363,1.1135528725660044,1.0,0.1,166.66666666666657,True,0.1,0.9,25.0,10000.0,0.938,0.139
compass.d.h+.case5.1102,1 - 1 - 2103,301.03984399999996,2.8660254037844384,1.7320508075688772,4.0,0.016,0.012,0.02,0.225,0.2,0.25,1.1441434425065387,1.1135528725660044,1.174734012447073,1.0,0.1,142.85714285714297,True,0.1,0.9,25.0,10000.0,0.938,0.139
compass.d.h+.case5.1103,1 - 1 - 2103,301.03984399999996,2.8660254037844384,1.7320508075688772,4.0,0.016,0.012,0.02,0.225,0.2,0.25,1.2038084065204342,1.174734012447073,1.2328828005937953,1.0,0.1,142.85714285714297,True,0.1,0.9,25.0,10000.0,0.938,0.139
compass.d.h+.case5.1104,1 - 1 - 2103,301.03984399999996,2.8660254037844384,1.7320508075688772,4.0,0.016,0.012,0.02,0.225,0.2,0.25,1.2645154701376837,1.2328828005937953,1.296148139681572,1.0,0.1,125.00000000000026,True,0.1,0.9,25.0,10000.0,0.938,0.139
compass.d.h+.case5.1105,1 - 1 - 2103,301.03984399999996,2.8660254037844384,1.7320508075688772,4.0,0.016,0.012,0.02,0.225,0.2,0.25,1.328147595277558,1.296148139681572,1.3601470508735443,1.0,0.1,117.64705882352933,True,0.1,0.9,25.0,10000.0,0.938,0.139
compass.d.h+.case5.1106,1 - 1 - 2103,301.03984399999996,2.8660254037844384,1.7320508075688772,4.0,0.016,0.012,0.02,0.225,0.2,0.25,1.3959645786005899,1.3601470508735443,1.4317821063276353,1.0,0.1,100.00000000000004,True,0.1,0.9,25.0,10000.0,0.938,0.139
compass.d.h+.case5.1107,1 - 1 - 2103,301.03984399999996,2.8660254037844384,1.7320508075688772,4.0,0.016,0.012,0.02,0.225,0.2,0.25,1.4823765390016121,1.4317821063276353,1.5329709716755893,1.0,0.1,66.66666666666663,True,0.1,0.9,25.0,10000.0,0.938,0.139
compass.d.h+.case5.1108,1 - 1 - 2103,301.03984399999996,2.8660254037844384,1.7320508075688772,4.0,0.016,0.012,0.02,0.225,0.2,0.25,1.58042651564278,1.5329709716755893,1.6278820596099706,1.0,0.1,66.66666666666671,True,0.1,0.9,25.0,10000.0,0.938,0.139
compass.d.h+.case5.1109,1 - 1 - 2103,301.03984399999996,2.8660254037844384,1.7320508075688772,4.0,0.016,0.012,0.02,0.225,0.2,0.25,1.6799664335894238,1.6278820596099706,1.7320508075688772,1.0,0.1,57.14285714285721,True,0.1,0.9,25.0,10000.0,0.938,0.139
compass.d.h+.case5.1110,1 - 1 - 2103,301.03984399999996,2.8660254037844384,1.7320508075688772,4.0,0.016,0.012,0.02,0.275,0.25,0.3,0.17071067811865476,0.1414213562373095,0.2,1.0,0.1,999.9999999999998,True,0.1,0.9,25.0,10000.0,0.938,0.139
compass.d.h+.case5.1111,1 - 1 - 2103,301.03984399999996,2.8660254037844384,1.7320508075688772,4.0,0.016,0.012,0.02,0.275,0.25,0.3,0.2224744871391589,0.2,0.2449489742783178,1.0,0.1,1000.0000000000008,True,0.1,0.9,25.0,10000.0,0.938,0.139
compass.d.h+.case5.1112,1 - 1 - 2103,301.03984399999996,2.8660254037844384,1.7320508075688772,4.0,0.016,0.012,0.02,0.275,0.25,0.3,0.26389584337646843,0.2449489742783178,0.282842712474619,1.0,0.1,1000.0000000000001,True,0.1,0.9,25.0,10000.0,0.938,0.139
compass.d.h+.case5.1113,1 - 1 - 2103,301.03984399999996,2.8660254037844384,1.7320508075688772,4.0,0.016,0.012,0.02,0.275,0.25,0.3,0.29953523924572845,0.282842712474619,0.31622776601683794,1.0,0.1,1000.0000000000001,True,0.1,0.9,25.0,10000.0,0.938,0.139
compass.d.h+.case5.1114,1 - 1 - 2103,301.03984399999996,2.8660254037844384,1.7320508075688772,4.0,0.016,0.012,0.02,0.275,0.25,0.3,0.3313189637653067,0.31622776601683794,0.34641016151377546,1.0,0.1,1000.0000000000008,True,0.1,0.9,25.0,10000.0,0.938,0.139
compass.d.h+.case5.1115,1 - 1 - 2103,301.03984399999996,2.8660254037844384,1.7320508075688772,4.0,0.016,0.012,0.02,0.275,0.25,0.3,0.3602879500955848,0.34641016151377546,0.37416573867739417,1.0,0.1,999.9999999999993,True,0.1,0.9,25.0,10000.0,0.938,0.139
compass.d.h+.case5.1116,1 - 1 - 2103,301.03984399999996,2.8660254037844384,1.7320508075688772,4.0,0.016,0.012,0.02,0.275,0.25,0.3,0.3932381506195801,0.37416573867739417,0.41231056256176607,1.0,0.1,666.6666666666669,True,0.1,0.9,25.0,10000.0,0.938,0.139
compass.d.h+.case5.1117,1 - 1 - 2103,301.03984399999996,2.8660254037844384,1.7320508075688772,4.0,0.016,0.012,0.02,0.275,0.25,0.3,0.429762079030862,0.41231056256176607,0.4472135954999579,1.0,0.1,666.6666666666674,True,0.1,0.9,25.0,10000.0,0.938,0.139
compass.d.h+.case5.1118,1 - 1 - 2103,301.03984399999996,2.8660254037844384,1.7320508075688772,4.0,0.016,0.012,0.02,0.275,0.25,0.3,0.46339837391561495,0.4472135954999579,0.47958315233127197,1.0,0.1,666.6666666666663,True,0.1,0.9,25.0,10000.0,0.938,0.139
compass.d.h+.case5.1119,1 - 1 - 2103,301.03984399999996,2.8660254037844384,1.7320508075688772,4.0,0.016,0.012,0.02,0.275,0.25,0.3,0.4995991973009676,0.47958315233127197,0.5196152422706632,1.0,0.1,499.9999999999993,True,0.1,0.9,25.0,10000.0,0.938,0.139
compass.d.h+.case5.1120,1 - 1 - 2103,301.03984399999996,2.8660254037844384,1.7320508075688772,4.0,0.016,0.012,0.02,0.275,0.25,0.3,0.5336688998879147,0.5196152422706632,0.5477225575051661,1.0,0.1,666.66666666667,True,0.1,0.9,25.0,10000.0,0.938,0.139
compass.d.h+.case5.1121,1 - 1 - 2103,301.03984399999996,2.8660254037844384,1.7320508075688772,4.0,0.016,0.012,0.02,0.275,0.25,0.3,0.5696652679075638,0.5477225575051661,0.5916079783099616,1.0,0.1,399.9999999999997,True,0.1,0.9,25.0,10000.0,0.938,0.139
compass.d.h+.case5.1122,1 - 1 - 2103,301.03984399999996,2.8660254037844384,1.7320508075688772,4.0,0.016,0.012,0.02,0.275,0.25,0.3,0.6120317551718187,0.5916079783099616,0.6324555320336759,1.0,0.1,399.9999999999997,True,0.1,0.9,25.0,10000.0,0.938,0.139
compass.d.h+.case5.1123,1 - 1 - 2103,301.03984399999996,2.8660254037844384,1.7320508075688772,4.0,0.016,0.012,0.02,0.275,0.25,0.3,0.6553442651731014,0.6324555320336759,0.6782329983125268,1.0,0.1,333.3333333333334,True,0.1,0.9,25.0,10000.0,0.938,0.139
compass.d.h+.case5.1124,1 - 1 - 2103,301.03984399999996,2.8660254037844384,1.7320508075688772,4.0,0.016,0.012,0.02,0.275,0.25,0.3,0.6996716267026624,0.6782329983125268,0.7211102550927979,1.0,0.1,333.3333333333328,True,0.1,0.9,25.0,10000.0,0.938,0.139
compass.d.h+.case5.1125,1 - 1 - 2103,301.03984399999996,2.8660254037844384,1.7320508075688772,4.0,0.016,0.012,0.02,0.275,0.25,0.3,0.7478534621671407,0.7211102550927979,0.7745966692414834,1.0,0.1,250.0000000000002,True,0.1,0.9,25.0,10000.0,0.938,0.139
compass.d.h+.case5.1126,1 - 1 - 2103,301.03984399999996,2.8660254037844384,1.7320508075688772,4.0,0.016,0.012,0.02,0.275,0.25,0.3,0.7996088971825077,0.7745966692414834,0.8246211251235321,1.0,0.1,250.0000000000002,True,0.1,0.9,25.0,10000.0,0.938,0.139
compass.d.h+.case5.1127,1 - 1 - 2103,301.03984399999996,2.8660254037844384,1.7320508075688772,4.0,0.016,0.012,0.02,0.275,0.25,0.3,0.8482004569158335,0.8246211251235321,0.8717797887081347,1.0,0.1,250.0000000000005,True,0.1,0.9,25.0,10000.0,0.938,0.139
compass.d.h+.case5.1128,1 - 1 - 2103,301.03984399999996,2.8660254037844384,1.7320508075688772,4.0,0.016,0.012,0.02,0.275,0.25,0.3,0.902258847008508,0.8717797887081347,0.9327379053088815,1.0,0.1,181.81818181818187,True,0.1,0.9,25.0,10000.0,0.938,0.139
compass.d.h+.case5.1129,1 - 1 - 2103,301.03984399999996,2.8660254037844384,1.7320508075688772,4.0,0.016,0.012,0.02,0.275,0.25,0.3,0.9663689526544408,0.9327379053088815,1.0,1.0,0.1,153.84615384615375,True,0.1,0.9,25.0,10000.0,0.938,0.139
compass.d.h+.case5.1130,1 - 1 - 2103,301.03984399999996,2.8660254037844384,1.7320508075688772,4.0,0.016,0.012,0.02,0.275,0.25,0.3,1.029150262212918,1.0,1.0583005244258363,1.0,0.1,166.66666666666657,True,0.1,0.9,25.0,10000.0,0.938,0.139
compass.d.h+.case5.1131,1 - 1 - 2103,301.03984399999996,2.8660254037844384,1.7320508075688772,4.0,0.016,0.012,0.02,0.275,0.25,0.3,1.0859266984959204,1.0583005244258363,1.1135528725660044,1.0,0.1,166.66666666666657,True,0.1,0.9,25.0,10000.0,0.938,0.139
compass.d.h+.case5.1132,1 - 1 - 2103,301.03984399999996,2.8660254037844384,1.7320508075688772,4.0,0.016,0.012,0.02,0.275,0.25,0.3,1.1441434425065387,1.1135528725660044,1.174734012447073,1.0,0.1,142.85714285714297,True,0.1,0.9,25.0,10000.0,0.938,0.139
compass.d.h+.case5.1133,1 - 1 - 2103,301.03984399999996,2.8660254037844384,1.7320508075688772,4.0,0.016,0.012,0.02,0.275,0.25,0.3,1.2038084065204342,1.174734012447073,1.2328828005937953,1.0,0.1,142.85714285714297,True,0.1,0.9,25.0,10000.0,0.938,0.139
compass.d.h+.case5.1134,1 - 1 - 2103,301.03984399999996,2.8660254037844384,1.7320508075688772,4.0,0.016,0.012,0.02,0.275,0.25,0.3,1.2645154701376837,1.2328828005937953,1.296148139681572,1.0,0.1,125.00000000000026,True,0.1,0.9,25.0,10000.0,0.938,0.139
compass.d.h+.case5.1135,1 - 1 - 2103,301.03984399999996,2.8660254037844384,1.7320508075688772,4.0,0.016,0.012,0.02,0.275,0.25,0.3,1.328147595277558,1.296148139681572,1.3601470508735443,1.0,0.1,117.64705882352933,True,0.1,0.9,25.0,10000.0,0.938,0.139
compass.d.h+.case5.1136,1 - 1 - 2103,301.03984399999996,2.8660254037844384,1.7320508075688772,4.0,0.016,0.012,0.02,0.275,0.25,0.3,1.3959645786005899,1.3601470508735443,1.4317821063276353,1.0,0.1,100.00000000000004,True,0.1,0.9,25.0,10000.0,0.938,0.139
compass.d.h+.case5.1137,1 - 1 - 2103,301.03984399999996,2.8660254037844384,1.7320508075688772,4.0,0.016,0.012,0.02,0.275,0.25,0.3,1.4823765390016121,1.4317821063276353,1.5329709716755893,1.0,0.1,66.66666666666663,True,0.1,0.9,25.0,10000.0,0.938,0.139
compass.d.h+.case5.1138,1 - 1 - 2103,301.03984399999996,2.8660254037844384,1.7320508075688772,4.0,0.016,0.012,0.02,0.275,0.25,0.3,1.58042651564278,1.5329709716755893,1.6278820596099706,1.0,0.1,66.66666666666671,True,0.1,0.9,25.0,10000.0,0.938,0.139
compass.d.h+.case5.1139,1 - 1 - 2103,301.03984399999996,2.8660254037844384,1.7320508075688772,4.0,0.016,0.012,0.02,0.275,0.25,0.3,1.6799664335894238,1.6278820596099706,1.7320508075688772,1.0,0.1,57.14285714285721,True,0.1,0.9,25.0,10000.0,0.938,0.139
compass.d.h+.case5.1140,1 - 1 - 2103,301.03984399999996,2.8660254037844384,1.7320508075688772,4.0,0.016,0.012,0.02,0.35,0.3,0.4,0.17071067811865476,0.1414213562373095,0.2,1.0,0.1,499.9999999999996,True,0.1,0.9,25.0,10000.0,0.938,0.139
compass.d.h+.case5.1141,1 - 1 - 2103,301.03984399999996,2.8660254037844384,1.7320508075688772,4.0,0.016,0.012,0.02,0.35,0.3,0.4,0.2224744871391589,0.2,0.2449489742783178,1.0,0.1,500.0000000000001,True,0.1,0.9,25.0,10000.0,0.938,0.139
compass.d.h+.case5.1142,1 - 1 - 2103,301.03984399999996,2.8660254037844384,1.7320508075688772,4.0,0.016,0.012,0.02,0.35,0.3,0.4,0.26389584337646843,0.2449489742783178,0.282842712474619,1.0,0.1,499.9999999999998,True,0.1,0.9,25.0,10000.0,0.938,0.139
compass.d.h+.case5.1143,1 - 1 - 2103,301.03984399999996,2.8660254037844384,1.7320508075688772,4.0,0.016,0.012,0.02,0.35,0.3,0.4,0.29953523924572845,0.282842712474619,0.31622776601683794,1.0,0.1,499.9999999999998,True,0.1,0.9,25.0,10000.0,0.938,0.139
compass.d.h+.case5.1144,1 - 1 - 2103,301.03984399999996,2.8660254037844384,1.7320508075688772,4.0,0.016,0.012,0.02,0.35,0.3,0.4,0.3313189637653067,0.31622776601683794,0.34641016151377546,1.0,0.1,500.0000000000001,True,0.1,0.9,25.0,10000.0,0.938,0.139
compass.d.h+.case5.1145,1 - 1 - 2103,301.03984399999996,2.8660254037844384,1.7320508075688772,4.0,0.016,0.012,0.02,0.35,0.3,0.4,0.3602879500955848,0.34641016151377546,0.37416573867739417,1.0,0.1,499.99999999999943,True,0.1,0.9,25.0,10000.0,0.938,0.139
compass.d.h+.case5.1146,1 - 1 - 2103,301.03984399999996,2.8660254037844384,1.7320508075688772,4.0,0.016,0.012,0.02,0.35,0.3,0.4,0.3932381506195801,0.37416573867739417,0.41231056256176607,1.0,0.1,333.33333333333326,True,0.1,0.9,25.0,10000.0,0.938,0.139
compass.d.h+.case5.1147,1 - 1 - 2103,301.03984399999996,2.8660254037844384,1.7320508075688772,4.0,0.016,0.012,0.02,0.35,0.3,0.4,0.429762079030862,0.41231056256176607,0.4472135954999579,1.0,0.1,333.33333333333354,True,0.1,0.9,25.0,10000.0,0.938,0.139
compass.d.h+.case5.1148,1 - 1 - 2103,301.03984399999996,2.8660254037844384,1.7320508075688772,4.0,0.016,0.012,0.02,0.35,0.3,0.4,0.46339837391561495,0.4472135954999579,0.47958315233127197,1.0,0.1,333.333333333333,True,0.1,0.9,25.0,10000.0,0.938,0.139
compass.d.h+.case5.1149,1 - 1 - 2103,301.03984399999996,2.8660254037844384,1.7320508075688772,4.0,0.016,0.012,0.02,0.35,0.3,0.4,0.4995991973009676,0.47958315233127197,0.5196152422706632,1.0,0.1,249.99999999999952,True,0.1,0.9,25.0,10000.0,0.938,0.139
compass.d.h+.case5.1150,1 - 1 - 2103,301.03984399999996,2.8660254037844384,1.7320508075688772,4.0,0.016,0.012,0.02,0.35,0.3,0.4,0.5336688998879147,0.5196152422706632,0.5477225575051661,1.0,0.1,333.3333333333348,True,0.1,0.9,25.0,10000.0,0.938,0.139
compass.d.h+.case5.1151,1 - 1 - 2103,301.03984399999996,2.8660254037844384,1.7320508075688772,4.0,0.016,0.012,0.02,0.35,0.3,0.4,0.5696652679075638,0.5477225575051661,0.5916079783099616,1.0,0.1,199.99999999999974,True,0.1,0.9,25.0,10000.0,0.938,0.139
compass.d.h+.case5.1152,1 - 1 - 2103,301.03984399999996,2.8660254037844384,1.7320508075688772,4.0,0.016,0.012,0.02,0.35,0.3,0.4,0.6120317551718187,0.5916079783099616,0.6324555320336759,1.0,0.1,199.99999999999974,True,0.1,0.9,25.0,10000.0,0.938,0.139
compass.d.h+.case5.1153,1 - 1 - 2103,301.03984399999996,2.8660254037844384,1.7320508075688772,4.0,0.016,0.012,0.02,0.35,0.3,0.4,0.6553442651731014,0.6324555320336759,0.6782329983125268,1.0,0.1,166.66666666666663,True,0.1,0.9,25.0,10000.0,0.938,0.139
compass.d.h+.case5.1154,1 - 1 - 2103,301.03984399999996,2.8660254037844384,1.7320508075688772,4.0,0.016,0.012,0.02,0.35,0.3,0.4,0.6996716267026624,0.6782329983125268,0.7211102550927979,1.0,0.1,166.66666666666632,True,0.1,0.9,25.0,10000.0,0.938,0.139
compass.d.h+.case5.1155,1 - 1 - 2103,301.03984399999996,2.8660254037844384,1.7320508075688772,4.0,0.016,0.012,0.02,0.35,0.3,0.4,0.7478534621671407,0.7211102550927979,0.7745966692414834,1.0,0.1,125.00000000000003,True,0.1,0.9,25.0,10000.0,0.938,0.139
compass.d.h+.case5.1156,1 - 1 - 2103,301.03984399999996,2.8660254037844384,1.7320508075688772,4.0,0.016,0.012,0.02,0.35,0.3,0.4,0.7996088971825077,0.7745966692414834,0.8246211251235321,1.0,0.1,125.00000000000003,True,0.1,0.9,25.0,10000.0,0.938,0.139
compass.d.h+.case5.1157,1 - 1 - 2103,301.03984399999996,2.8660254037844384,1.7320508075688772,4.0,0.016,0.012,0.02,0.35,0.3,0.4,0.8482004569158335,0.8246211251235321,0.8717797887081347,1.0,0.1,125.00000000000018,True,0.1,0.9,25.0,10000.0,0.938,0.139
compass.d.h+.case5.1158,1 - 1 - 2103,301.03984399999996,2.8660254037844384,1.7320508075688772,4.0,0.016,0.012,0.02,0.35,0.3,0.4,0.902258847008508,0.8717797887081347,0.9327379053088815,1.0,0.1,90.90909090909089,True,0.1,0.9,25.0,10000.0,0.938,0.139
compass.d.h+.case5.1159,1 - 1 - 2103,301.03984399999996,2.8660254037844384,1.7320508075688772,4.0,0.016,0.012,0.02,0.35,0.3,0.4,0.9663689526544408,0.9327379053088815,1.0,1.0,0.1,76.92307692307683,True,0.1,0.9,25.0,10000.0,0.938,0.139
compass.d.h+.case5.1160,1 - 1 - 2103,301.03984399999996,2.8660254037844384,1.7320508075688772,4.0,0.016,0.012,0.02,0.35,0.3,0.4,1.029150262212918,1.0,1.0583005244258363,1.0,0.1,83.33333333333324,True,0.1,0.9,25.0,10000.0,0.938,0.139
compass.d.h+.case5.1161,1 - 1 - 2103,301.03984399999996,2.8660254037844384,1.7320508075688772,4.0,0.016,0.012,0.02,0.35,0.3,0.4,1.0859266984959204,1.0583005244258363,1.1135528725660044,1.0,0.1,83.33333333333324,True,0.1,0.9,25.0,10000.0,0.938,0.139
compass.d.h+.case5.1162,1 - 1 - 2103,301.03984399999996,2.8660254037844384,1.7320508075688772,4.0,0.016,0.012,0.02,0.35,0.3,0.4,1.1441434425065387,1.1135528725660044,1.174734012447073,1.0,0.1,71.42857142857146,True,0.1,0.9,25.0,10000.0,0.938,0.139
compass.d.h+.case5.1163,1 - 1 - 2103,301.03984399999996,2.8660254037844384,1.7320508075688772,4.0,0.016,0.012,0.02,0.35,0.3,0.4,1.2038084065204342,1.174734012447073,1.2328828005937953,1.0,0.1,71.42857142857146,True,0.1,0.9,25.0,10000.0,0.938,0.139
compass.d.h+.case5.1164,1 - 1 - 2103,301.03984399999996,2.8660254037844384,1.7320508075688772,4.0,0.016,0.012,0.02,0.35,0.3,0.4,1.2645154701376837,1.2328828005937953,1.296148139681572,1.0,0.1,62.50000000000009,True,0.1,0.9,25.0,10000.0,0.938,0.139
compass.d.h+.case5.1165,1 - 1 - 2103,301.03984399999996,2.8660254037844384,1.7320508075688772,4.0,0.016,0.012,0.02,0.35,0.3,0.4,1.328147595277558,1.296148139681572,1.3601470508735443,1.0,0.1,58.82352941176464,True,0.1,0.9,25.0,10000.0,0.938,0.139
compass.d.h+.case5.1166,1 - 1 - 2103,301.03984399999996,2.8660254037844384,1.7320508075688772,4.0,0.016,0.012,0.02,0.35,0.3,0.4,1.3959645786005899,1.3601470508735443,1.4317821063276353,1.0,0.1,49.99999999999999,True,0.1,0.9,25.0,10000.0,0.938,0.139
compass.d.h+.case5.1167,1 - 1 - 2103,301.03984399999996,2.8660254037844384,1.7320508075688772,4.0,0.016,0.012,0.02,0.35,0.3,0.4,1.4823765390016121,1.4317821063276353,1.5329709716755893,1.0,0.1,33.33333333333329,True,0.1,0.9,25.0,10000.0,0.938,0.139
compass.d.h+.case5.1168,1 - 1 - 2103,301.03984399999996,2.8660254037844384,1.7320508075688772,4.0,0.016,0.012,0.02,0.35,0.3,0.4,1.58042651564278,1.5329709716755893,1.6278820596099706,1.0,0.1,33.33333333333334,True,0.1,0.9,25.0,10000.0,0.938,0.139
compass.d.h+.case5.1169,1 - 1 - 2103,301.03984399999996,2.8660254037844384,1.7320508075688772,4.0,0.016,0.012,0.02,0.35,0.3,0.4,1.6799664335894238,1.6278820596099706,1.7320508075688772,1.0,0.1,28.57142857142859,True,0.1,0.9,25.0,10000.0,0.938,0.139
compass.d.h+.case5.1170,1 - 1 - 2103,301.03984399999996,2.8660254037844384,1.7320508075688772,4.0,0.016,0.012,0.02,0.47500000000000003,0.4,0.55,0.17071067811865476,0.1414213562373095,0.2,1.0,0.1,333.33333333333314,True,0.1,0.9,25.0,10000.0,0.938,0.139
compass.d.h+.case5.1171,1 - 1 - 2103,301.03984399999996,2.8660254037844384,1.7320508075688772,4.0,0.016,0.012,0.02,0.47500000000000003,0.4,0.55,0.2224744871391589,0.2,0.2449489742783178,1.0,0.1,333.3333333333335,True,0.1,0.9,25.0,10000.0,0.938,0.139
compass.d.h+.case5.1172,1 - 1 - 2103,301.03984399999996,2.8660254037844384,1.7320508075688772,4.0,0.016,0.012,0.02,0.47500000000000003,0.4,0.55,0.26389584337646843,0.2449489742783178,0.282842712474619,1.0,0.1,333.33333333333326,True,0.1,0.9,25.0,10000.0,0.938,0.139
compass.d.h+.case5.1173,1 - 1 - 2103,301.03984399999996,2.8660254037844384,1.7320508075688772,4.0,0.016,0.012,0.02,0.47500000000000003,0.4,0.55,0.29953523924572845,0.282842712474619,0.31622776601683794,1.0,0.1,333.33333333333326,True,0.1,0.9,25.0,10000.0,0.938,0.139
compass.d.h+.case5.1174,1 - 1 - 2103,301.03984399999996,2.8660254037844384,1.7320508075688772,4.0,0.016,0.012,0.02,0.47500000000000003,0.4,0.55,0.3313189637653067,0.31622776601683794,0.34641016151377546,1.0,0.1,333.3333333333335,True,0.1,0.9,25.0,10000.0,0.938,0.139
compass.d.h+.case5.1175,1 - 1 - 2103,301.03984399999996,2.8660254037844384,1.7320508075688772,4.0,0.016,0.012,0.02,0.47500000000000003,0.4,0.55,0.3602879500955848,0.34641016151377546,0.37416573867739417,1.0,0.1,333.333333333333,True,0.1,0.9,25.0,10000.0,0.938,0.139
compass.d.h+.case5.1176,1 - 1 - 2103,301.03984399999996,2.8660254037844384,1.7320508075688772,4.0,0.016,0.012,0.02,0.47500000000000003,0.4,0.55,0.3932381506195801,0.37416573867739417,0.41231056256176607,1.0,0.1,222.2222222222222,True,0.1,0.9,25.0,10000.0,0.938,0.139
compass.d.h+.case5.1177,1 - 1 - 2103,301.03984399999996,2.8660254037844384,1.7320508075688772,4.0,0.016,0.012,0.02,0.47500000000000003,0.4,0.55,0.429762079030862,0.41231056256176607,0.4472135954999579,1.0,0.1,222.2222222222224,True,0.1,0.9,25.0,10000.0,0.938,0.139
compass.d.h+.case5.1178,1 - 1 - 2103,301.03984399999996,2.8660254037844384,1.7320508075688772,4.0,0.016,0.012,0.02,0.47500000000000003,0.4,0.55,0.46339837391561495,0.4472135954999579,0.47958315233127197,1.0,0.1,222.22222222222203,True,0.1,0.9,25.0,10000.0,0.938,0.139
compass.d.h+.case5.1179,1 - 1 - 2103,301.03984399999996,2.8660254037844384,1.7320508075688772,4.0,0.016,0.012,0.02,0.47500000000000003,0.4,0.55,0.4995991973009676,0.47958315233127197,0.5196152422706632,1.0,0.1,166.66666666666637,True,0.1,0.9,25.0,10000.0,0.938,0.139
compass.d.h+.case5.1180,1 - 1 - 2103,301.03984399999996,2.8660254037844384,1.7320508075688772,4.0,0.016,0.012,0.02,0.47500000000000003,0.4,0.55,0.5336688998879147,0.5196152422706632,0.5477225575051661,1.0,0.1,222.22222222222325,True,0.1,0.9,25.0,10000.0,0.938,0.139
compass.d.h+.case5.1181,1 - 1 - 2103,301.03984399999996,2.8660254037844384,1.7320508075688772,4.0,0.016,0.012,0.02,0.47500000000000003,0.4,0.55,0.5696652679075638,0.5477225575051661,0.5916079783099616,1.0,0.1,133.3333333333332,True,0.1,0.9,25.0,10000.0,0.938,0.139
compass.d.h+.case5.1182,1 - 1 - 2103,301.03984399999996,2.8660254037844384,1.7320508075688772,4.0,0.016,0.012,0.02,0.47500000000000003,0.4,0.55,0.6120317551718187,0.5916079783099616,0.6324555320336759,1.0,0.1,133.3333333333332,True,0.1,0.9,25.0,10000.0,0.938,0.139
compass.d.h+.case5.1183,1 - 1 - 2103,301.03984399999996,2.8660254037844384,1.7320508075688772,4.0,0.016,0.012,0.02,0.47500000000000003,0.4,0.55,0.6553442651731014,0.6324555320336759,0.6782329983125268,1.0,0.1,111.1111111111111,True,0.1,0.9,25.0,10000.0,0.938,0.139
compass.d.h+.case5.1184,1 - 1 - 2103,301.03984399999996,2.8660254037844384,1.7320508075688772,4.0,0.016,0.012,0.02,0.47500000000000003,0.4,0.55,0.6996716267026624,0.6782329983125268,0.7211102550927979,1.0,0.1,111.11111111111089,True,0.1,0.9,25.0,10000.0,0.938,0.139
compass.d.h+.case5.1185,1 - 1 - 2103,301.03984399999996,2.8660254037844384,1.7320508075688772,4.0,0.016,0.012,0.02,0.47500000000000003,0.4,0.55,0.7478534621671407,0.7211102550927979,0.7745966692414834,1.0,0.1,83.33333333333337,True,0.1,0.9,25.0,10000.0,0.938,0.139
compass.d.h+.case5.1186,1 - 1 - 2103,301.03984399999996,2.8660254037844384,1.7320508075688772,4.0,0.016,0.012,0.02,0.47500000000000003,0.4,0.55,0.7996088971825077,0.7745966692414834,0.8246211251235321,1.0,0.1,83.33333333333337,True,0.1,0.9,25.0,10000.0,0.938,0.139
compass.d.h+.case5.1187,1 - 1 - 2103,301.03984399999996,2.8660254037844384,1.7320508075688772,4.0,0.016,0.012,0.02,0.47500000000000003,0.4,0.55,0.8482004569158335,0.8246211251235321,0.8717797887081347,1.0,0.1,83.33333333333347,True,0.1,0.9,25.0,10000.0,0.938,0.139
compass.d.h+.case5.1188,1 - 1 - 2103,301.03984399999996,2.8660254037844384,1.7320508075688772,4.0,0.016,0.012,0.02,0.47500000000000003,0.4,0.55,0.902258847008508,0.8717797887081347,0.9327379053088815,1.0,0.1,60.6060606060606,True,0.1,0.9,25.0,10000.0,0.938,0.139
compass.d.h+.case5.1189,1 - 1 - 2103,301.03984399999996,2.8660254037844384,1.7320508075688772,4.0,0.016,0.012,0.02,0.47500000000000003,0.4,0.55,0.9663689526544408,0.9327379053088815,1.0,1.0,0.1,51.28205128205123,True,0.1,0.9,25.0,10000.0,0.938,0.139
compass.d.h+.case5.1190,1 - 1 - 2103,301.03984399999996,2.8660254037844384,1.7320508075688772,4.0,0.016,0.012,0.02,0.47500000000000003,0.4,0.55,1.029150262212918,1.0,1.0583005244258363,1.0,0.1,55.55555555555551,True,0.1,0.9,25.0,10000.0,0.938,0.139
compass.d.h+.case5.1191,1 - 1 - 2103,301.03984399999996,2.8660254037844384,1.7320508075688772,4.0,0.016,0.012,0.02,0.47500000000000003,0.4,0.55,1.0859266984959204,1.0583005244258363,1.1135528725660044,1.0,0.1,55.55555555555551,True,0.1,0.9,25.0,10000.0,0.938,0.139
compass.d.h+.case5.1192,1 - 1 - 2103,301.03984399999996,2.8660254037844384,1.7320508075688772,4.0,0.016,0.012,0.02,0.47500000000000003,0.4,0.55,1.1441434425065387,1.1135528725660044,1.174734012447073,1.0,0.1,47.61904761904764,True,0.1,0.9,25.0,10000.0,0.938,0.139
compass.d.h+.case5.1193,1 - 1 - 2103,301.03984399999996,2.8660254037844384,1.7320508075688772,4.0,0.016,0.012,0.02,0.47500000000000003,0.4,0.55,1.2038084065204342,1.174734012447073,1.2328828005937953,1.0,0.1,47.61904761904764,True,0.1,0.9,25.0,10000.0,0.938,0.139
compass.d.h+.case5.1194,1 - 1 - 2103,301.03984399999996,2.8660254037844384,1.7320508075688772,4.0,0.016,0.012,0.02,0.47500000000000003,0.4,0.55,1.2645154701376837,1.2328828005937953,1.296148139681572,1.0,0.1,41.666666666666735,True,0.1,0.9,25.0,10000.0,0.938,0.139
compass.d.h+.case5.1195,1 - 1 - 2103,301.03984399999996,2.8660254037844384,1.7320508075688772,4.0,0.016,0.012,0.02,0.47500000000000003,0.4,0.55,1.328147595277558,1.296148139681572,1.3601470508735443,1.0,0.1,39.215686274509764,True,0.1,0.9,25.0,10000.0,0.938,0.139
compass.d.h+.case5.1196,1 - 1 - 2103,301.03984399999996,2.8660254037844384,1.7320508075688772,4.0,0.016,0.012,0.02,0.47500000000000003,0.4,0.55,1.3959645786005899,1.3601470508735443,1.4317821063276353,1.0,0.1,33.333333333333336,True,0.1,0.9,25.0,10000.0,0.938,0.139
compass.d.h+.case5.1197,1 - 1 - 2103,301.03984399999996,2.8660254037844384,1.7320508075688772,4.0,0.016,0.012,0.02,0.47500000000000003,0.4,0.55,1.4823765390016121,1.4317821063276353,1.5329709716755893,1.0,0.1,22.2222222222222,True,0.1,0.9,25.0,10000.0,0.938,0.139
compass.d.h+.case5.1198,1 - 1 - 2103,301.03984399999996,2.8660254037844384,1.7320508075688772,4.0,0.016,0.012,0.02,0.47500000000000003,0.4,0.55,1.58042651564278,1.5329709716755893,1.6278820596099706,1.0,0.1,22.222222222222232,True,0.1,0.9,25.0,10000.0,0.938,0.139
compass.d.h+.case5.1199,1 - 1 - 2103,301.03984399999996,2.8660254037844384,1.7320508075688772,4.0,0.016,0.012,0.02,0.47500000000000003,0.4,0.55,1.6799664335894238,1.6278820596099706,1.7320508075688772,1.0,0.1,19.04761904761906,True,0.1,0.9,25.0,10000.0,0.938,0.139
compass.d.h+.case5.1200,1 - 1 - 2103,301.03984399999996,2.8660254037844384,1.7320508075688772,4.0,0.016,0.012,0.02,0.625,0.55,0.7,0.17071067811865476,0.1414213562373095,0.2,1.0,0.1,333.33333333333337,True,0.1,0.9,25.0,10000.0,0.938,0.139
compass.d.h+.case5.1201,1 - 1 - 2103,301.03984399999996,2.8660254037844384,1.7320508075688772,4.0,0.016,0.012,0.02,0.625,0.55,0.7,0.2224744871391589,0.2,0.2449489742783178,1.0,0.1,333.3333333333337,True,0.1,0.9,25.0,10000.0,0.938,0.139
compass.d.h+.case5.1202,1 - 1 - 2103,301.03984399999996,2.8660254037844384,1.7320508075688772,4.0,0.016,0.012,0.02,0.625,0.55,0.7,0.26389584337646843,0.2449489742783178,0.282842712474619,1.0,0.1,333.3333333333335,True,0.1,0.9,25.0,10000.0,0.938,0.139
compass.d.h+.case5.1203,1 - 1 - 2103,301.03984399999996,2.8660254037844384,1.7320508075688772,4.0,0.016,0.012,0.02,0.625,0.55,0.7,0.29953523924572845,0.282842712474619,0.31622776601683794,1.0,0.1,333.3333333333335,True,0.1,0.9,25.0,10000.0,0.938,0.139
compass.d.h+.case5.1204,1 - 1 - 2103,301.03984399999996,2.8660254037844384,1.7320508075688772,4.0,0.016,0.012,0.02,0.625,0.55,0.7,0.3313189637653067,0.31622776601683794,0.34641016151377546,1.0,0.1,333.3333333333337,True,0.1,0.9,25.0,10000.0,0.938,0.139
compass.d.h+.case5.1205,1 - 1 - 2103,301.03984399999996,2.8660254037844384,1.7320508075688772,4.0,0.016,0.012,0.02,0.625,0.55,0.7,0.3602879500955848,0.34641016151377546,0.37416573867739417,1.0,0.1,333.33333333333326,True,0.1,0.9,25.0,10000.0,0.938,0.139
compass.d.h+.case5.1206,1 - 1 - 2103,301.03984399999996,2.8660254037844384,1.7320508075688772,4.0,0.016,0.012,0.02,0.625,0.55,0.7,0.3932381506195801,0.37416573867739417,0.41231056256176607,1.0,0.1,222.22222222222237,True,0.1,0.9,25.0,10000.0,0.938,0.139
compass.d.h+.case5.1207,1 - 1 - 2103,301.03984399999996,2.8660254037844384,1.7320508075688772,4.0,0.016,0.012,0.02,0.625,0.55,0.7,0.429762079030862,0.41231056256176607,0.4472135954999579,1.0,0.1,222.22222222222257,True,0.1,0.9,25.0,10000.0,0.938,0.139
compass.d.h+.case5.1208,1 - 1 - 2103,301.03984399999996,2.8660254037844384,1.7320508075688772,4.0,0.016,0.012,0.02,0.625,0.55,0.7,0.46339837391561495,0.4472135954999579,0.47958315233127197,1.0,0.1,222.22222222222217,True,0.1,0.9,25.0,10000.0,0.938,0.139
compass.d.h+.case5.1209,1 - 1 - 2103,301.03984399999996,2.8660254037844384,1.7320508075688772,4.0,0.016,0.012,0.02,0.625,0.55,0.7,0.4995991973009676,0.47958315233127197,0.5196152422706632,1.0,0.1,166.66666666666652,True,0.1,0.9,25.0,10000.0,0.938,0.139
compass.d.h+.case5.1210,1 - 1 - 2103,301.03984399999996,2.8660254037844384,1.7320508075688772,4.0,0.016,0.012,0.02,0.625,0.55,0.7,0.5336688998879147,0.5196152422706632,0.5477225575051661,1.0,0.1,222.22222222222342,True,0.1,0.9,25.0,10000.0,0.938,0.139
compass.d.h+.case5.1211,1 - 1 - 2103,301.03984399999996,2.8660254037844384,1.7320508075688772,4.0,0.016,0.012,0.02,0.625,0.55,0.7,0.5696652679075638,0.5477225575051661,0.5916079783099616,1.0,0.1,133.3333333333333,True,0.1,0.9,25.0,10000.0,0.938,0.139
compass.d.h+.case5.1212,1 - 1 - 2103,301.03984399999996,2.8660254037844384,1.7320508075688772,4.0,0.016,0.012,0.02,0.625,0.55,0.7,0.6120317551718187,0.5916079783099616,0.6324555320336759,1.0,0.1,133.3333333333333,True,0.1,0.9,25.0,10000.0,0.938,0.139
compass.d.h+.case5.1213,1 - 1 - 2103,301.03984399999996,2.8660254037844384,1.7320508075688772,4.0,0.016,0.012,0.02,0.625,0.55,0.7,0.6553442651731014,0.6324555320336759,0.6782329983125268,1.0,0.1,111.11111111111119,True,0.1,0.9,25.0,10000.0,0.938,0.139
compass.d.h+.case5.1214,1 - 1 - 2103,301.03984399999996,2.8660254037844384,1.7320508075688772,4.0,0.016,0.012,0.02,0.625,0.55,0.7,0.6996716267026624,0.6782329983125268,0.7211102550927979,1.0,0.1,111.11111111111097,True,0.1,0.9,25.0,10000.0,0.938,0.139
compass.d.h+.case5.1215,1 - 1 - 2103,301.03984399999996,2.8660254037844384,1.7320508075688772,4.0,0.016,0.012,0.02,0.625,0.55,0.7,0.7478534621671407,0.7211102550927979,0.7745966692414834,1.0,0.1,83.33333333333343,True,0.1,0.9,25.0,10000.0,0.938,0.139
compass.d.h+.case5.1216,1 - 1 - 2103,301.03984399999996,2.8660254037844384,1.7320508075688772,4.0,0.016,0.012,0.02,0.625,0.55,0.7,0.7996088971825077,0.7745966692414834,0.8246211251235321,1.0,0.1,83.33333333333343,True,0.1,0.9,25.0,10000.0,0.938,0.139
compass.d.h+.case5.1217,1 - 1 - 2103,301.03984399999996,2.8660254037844384,1.7320508075688772,4.0,0.016,0.012,0.02,0.625,0.55,0.7,0.8482004569158335,0.8246211251235321,0.8717797887081347,1.0,0.1,83.33333333333354,True,0.1,0.9,25.0,10000.0,0.938,0.139
compass.d.h+.case5.1218,1 - 1 - 2103,301.03984399999996,2.8660254037844384,1.7320508075688772,4.0,0.016,0.012,0.02,0.625,0.55,0.7,0.902258847008508,0.8717797887081347,0.9327379053088815,1.0,0.1,60.606060606060645,True,0.1,0.9,25.0,10000.0,0.938,0.139
compass.d.h+.case5.1219,1 - 1 - 2103,301.03984399999996,2.8660254037844384,1.7320508075688772,4.0,0.016,0.012,0.02,0.625,0.55,0.7,0.9663689526544408,0.9327379053088815,1.0,1.0,0.1,51.28205128205126,True,0.1,0.9,25.0,10000.0,0.938,0.139
compass.d.h+.case5.1220,1 - 1 - 2103,301.03984399999996,2.8660254037844384,1.7320508075688772,4.0,0.016,0.012,0.02,0.625,0.55,0.7,1.029150262212918,1.0,1.0583005244258363,1.0,0.1,55.55555555555554,True,0.1,0.9,25.0,10000.0,0.938,0.139
compass.d.h+.case5.1221,1 - 1 - 2103,301.03984399999996,2.8660254037844384,1.7320508075688772,4.0,0.016,0.012,0.02,0.625,0.55,0.7,1.0859266984959204,1.0583005244258363,1.1135528725660044,1.0,0.1,55.55555555555554,True,0.1,0.9,25.0,10000.0,0.938,0.139
compass.d.h+.case5.1222,1 - 1 - 2103,301.03984399999996,2.8660254037844384,1.7320508075688772,4.0,0.016,0.012,0.02,0.625,0.55,0.7,1.1441434425065387,1.1135528725660044,1.174734012447073,1.0,0.1,47.61904761904768,True,0.1,0.9,25.0,10000.0,0.938,0.139
compass.d.h+.case5.1223,1 - 1 - 2103,301.03984399999996,2.8660254037844384,1.7320508075688772,4.0,0.016,0.012,0.02,0.625,0.55,0.7,1.2038084065204342,1.174734012447073,1.2328828005937953,1.0,0.1,47.61904761904768,True,0.1,0.9,25.0,10000.0,0.938,0.139
compass.d.h+.case5.1224,1 - 1 - 2103,301.03984399999996,2.8660254037844384,1.7320508075688772,4.0,0.016,0.012,0.02,0.625,0.55,0.7,1.2645154701376837,1.2328828005937953,1.296148139681572,1.0,0.1,41.66666666666677,True,0.1,0.9,25.0,10000.0,0.938,0.139
compass.d.h+.case5.1225,1 - 1 - 2103,301.03984399999996,2.8660254037844384,1.7320508075688772,4.0,0.016,0.012,0.02,0.625,0.55,0.7,1.328147595277558,1.296148139681572,1.3601470508735443,1.0,0.1,39.21568627450979,True,0.1,0.9,25.0,10000.0,0.938,0.139
compass.d.h+.case5.1226,1 - 1 - 2103,301.03984399999996,2.8660254037844384,1.7320508075688772,4.0,0.016,0.012,0.02,0.625,0.55,0.7,1.3959645786005899,1.3601470508735443,1.4317821063276353,1.0,0.1,33.33333333333336,True,0.1,0.9,25.0,10000.0,0.938,0.139
compass.d.h+.case5.1227,1 - 1 - 2103,301.03984399999996,2.8660254037844384,1.7320508075688772,4.0,0.016,0.012,0.02,0.625,0.55,0.7,1.4823765390016121,1.4317821063276353,1.5329709716755893,1.0,0.1,22.222222222222214,True,0.1,0.9,25.0,10000.0,0.938,0.139
compass.d.h+.case5.1228,1 - 1 - 2103,301.03984399999996,2.8660254037844384,1.7320508075688772,4.0,0.016,0.012,0.02,0.625,0.55,0.7,1.58042651564278,1.5329709716755893,1.6278820596099706,1.0,0.1,22.22222222222225,True,0.1,0.9,25.0,10000.0,0.938,0.139
compass.d.h+.case5.1229,1 - 1 - 2103,301.03984399999996,2.8660254037844384,1.7320508075688772,4.0,0.016,0.012,0.02,0.625,0.55,0.7,1.6799664335894238,1.6278820596099706,1.7320508075688772,1.0,0.1,19.047619047619076,True,0.1,0.9,25.0,10000.0,0.938,0.139
compass.d.h+.case5.1230,1 - 1 - 2103,301.03984399999996,2.8660254037844384,1.7320508075688772,4.0,0.016,0.012,0.02,0.7749999999999999,0.7,0.85,0.17071067811865476,0.1414213562373095,0.2,1.0,0.1,333.33333333333314,True,0.1,0.9,25.0,10000.0,0.938,0.139
compass.d.h+.case5.1231,1 - 1 - 2103,301.03984399999996,2.8660254037844384,1.7320508075688772,4.0,0.016,0.012,0.02,0.7749999999999999,0.7,0.85,0.2224744871391589,0.2,0.2449489742783178,1.0,0.1,333.3333333333335,True,0.1,0.9,25.0,10000.0,0.938,0.139
compass.d.h+.case5.1232,1 - 1 - 2103,301.03984399999996,2.8660254037844384,1.7320508075688772,4.0,0.016,0.012,0.02,0.7749999999999999,0.7,0.85,0.26389584337646843,0.2449489742783178,0.282842712474619,1.0,0.1,333.33333333333326,True,0.1,0.9,25.0,10000.0,0.938,0.139
compass.d.h+.case5.1233,1 - 1 - 2103,301.03984399999996,2.8660254037844384,1.7320508075688772,4.0,0.016,0.012,0.02,0.7749999999999999,0.7,0.85,0.29953523924572845,0.282842712474619,0.31622776601683794,1.0,0.1,333.33333333333326,True,0.1,0.9,25.0,10000.0,0.938,0.139
compass.d.h+.case5.1234,1 - 1 - 2103,301.03984399999996,2.8660254037844384,1.7320508075688772,4.0,0.016,0.012,0.02,0.7749999999999999,0.7,0.85,0.3313189637653067,0.31622776601683794,0.34641016151377546,1.0,0.1,333.3333333333335,True,0.1,0.9,25.0,10000.0,0.938,0.139
compass.d.h+.case5.1235,1 - 1 - 2103,301.03984399999996,2.8660254037844384,1.7320508075688772,4.0,0.016,0.012,0.02,0.7749999999999999,0.7,0.85,0.3602879500955848,0.34641016151377546,0.37416573867739417,1.0,0.1,333.333333333333,True,0.1,0.9,25.0,10000.0,0.938,0.139
compass.d.h+.case5.1236,1 - 1 - 2103,301.03984399999996,2.8660254037844384,1.7320508075688772,4.0,0.016,0.012,0.02,0.7749999999999999,0.7,0.85,0.3932381506195801,0.37416573867739417,0.41231056256176607,1.0,0.1,222.2222222222222,True,0.1,0.9,25.0,10000.0,0.938,0.139
compass.d.h+.case5.1237,1 - 1 - 2103,301.03984399999996,2.8660254037844384,1.7320508075688772,4.0,0.016,0.012,0.02,0.7749999999999999,0.7,0.85,0.429762079030862,0.41231056256176607,0.4472135954999579,1.0,0.1,222.2222222222224,True,0.1,0.9,25.0,10000.0,0.938,0.139
compass.d.h+.case5.1238,1 - 1 - 2103,301.03984399999996,2.8660254037844384,1.7320508075688772,4.0,0.016,0.012,0.02,0.7749999999999999,0.7,0.85,0.46339837391561495,0.4472135954999579,0.47958315233127197,1.0,0.1,222.22222222222203,True,0.1,0.9,25.0,10000.0,0.938,0.139
compass.d.h+.case5.1239,1 - 1 - 2103,301.03984399999996,2.8660254037844384,1.7320508075688772,4.0,0.016,0.012,0.02,0.7749999999999999,0.7,0.85,0.4995991973009676,0.47958315233127197,0.5196152422706632,1.0,0.1,166.66666666666637,True,0.1,0.9,25.0,10000.0,0.938,0.139
compass.d.h+.case5.1240,1 - 1 - 2103,301.03984399999996,2.8660254037844384,1.7320508075688772,4.0,0.016,0.012,0.02,0.7749999999999999,0.7,0.85,0.5336688998879147,0.5196152422706632,0.5477225575051661,1.0,0.1,222.22222222222325,True,0.1,0.9,25.0,10000.0,0.938,0.139
compass.d.h+.case5.1241,1 - 1 - 2103,301.03984399999996,2.8660254037844384,1.7320508075688772,4.0,0.016,0.012,0.02,0.7749999999999999,0.7,0.85,0.5696652679075638,0.5477225575051661,0.5916079783099616,1.0,0.1,133.3333333333332,True,0.1,0.9,25.0,10000.0,0.938,0.139
compass.d.h+.case5.1242,1 - 1 - 2103,301.03984399999996,2.8660254037844384,1.7320508075688772,4.0,0.016,0.012,0.02,0.7749999999999999,0.7,0.85,0.6120317551718187,0.5916079783099616,0.6324555320336759,1.0,0.1,133.3333333333332,True,0.1,0.9,25.0,10000.0,0.938,0.139
compass.d.h+.case5.1243,1 - 1 - 2103,301.03984399999996,2.8660254037844384,1.7320508075688772,4.0,0.016,0.012,0.02,0.7749999999999999,0.7,0.85,0.6553442651731014,0.6324555320336759,0.6782329983125268,1.0,0.1,111.1111111111111,True,0.1,0.9,25.0,10000.0,0.938,0.139
compass.d.h+.case5.1244,1 - 1 - 2103,301.03984399999996,2.8660254037844384,1.7320508075688772,4.0,0.016,0.012,0.02,0.7749999999999999,0.7,0.85,0.6996716267026624,0.6782329983125268,0.7211102550927979,1.0,0.1,111.11111111111089,True,0.1,0.9,25.0,10000.0,0.938,0.139
compass.d.h+.case5.1245,1 - 1 - 2103,301.03984399999996,2.8660254037844384,1.7320508075688772,4.0,0.016,0.012,0.02,0.7749999999999999,0.7,0.85,0.7478534621671407,0.7211102550927979,0.7745966692414834,1.0,0.1,83.33333333333337,True,0.1,0.9,25.0,10000.0,0.938,0.139
compass.d.h+.case5.1246,1 - 1 - 2103,301.03984399999996,2.8660254037844384,1.7320508075688772,4.0,0.016,0.012,0.02,0.7749999999999999,0.7,0.85,0.7996088971825077,0.7745966692414834,0.8246211251235321,1.0,0.1,83.33333333333337,True,0.1,0.9,25.0,10000.0,0.938,0.139
compass.d.h+.case5.1247,1 - 1 - 2103,301.03984399999996,2.8660254037844384,1.7320508075688772,4.0,0.016,0.012,0.02,0.7749999999999999,0.7,0.85,0.8482004569158335,0.8246211251235321,0.8717797887081347,1.0,0.1,83.33333333333347,True,0.1,0.9,25.0,10000.0,0.938,0.139
compass.d.h+.case5.1248,1 - 1 - 2103,301.03984399999996,2.8660254037844384,1.7320508075688772,4.0,0.016,0.012,0.02,0.7749999999999999,0.7,0.85,0.902258847008508,0.8717797887081347,0.9327379053088815,1.0,0.1,60.6060606060606,True,0.1,0.9,25.0,10000.0,0.938,0.139
compass.d.h+.case5.1249,1 - 1 - 2103,301.03984399999996,2.8660254037844384,1.7320508075688772,4.0,0.016,0.012,0.02,0.7749999999999999,0.7,0.85,0.9663689526544408,0.9327379053088815,1.0,1.0,0.1,51.28205128205123,True,0.1,0.9,25.0,10000.0,0.938,0.139
compass.d.h+.case5.1250,1 - 1 - 2103,301.03984399999996,2.8660254037844384,1.7320508075688772,4.0,0.016,0.012,0.02,0.7749999999999999,0.7,0.85,1.029150262212918,1.0,1.0583005244258363,1.0,0.1,55.55555555555551,True,0.1,0.9,25.0,10000.0,0.938,0.139
compass.d.h+.case5.1251,1 - 1 - 2103,301.03984399999996,2.8660254037844384,1.7320508075688772,4.0,0.016,0.012,0.02,0.7749999999999999,0.7,0.85,1.0859266984959204,1.0583005244258363,1.1135528725660044,1.0,0.1,55.55555555555551,True,0.1,0.9,25.0,10000.0,0.938,0.139
compass.d.h+.case5.1252,1 - 1 - 2103,301.03984399999996,2.8660254037844384,1.7320508075688772,4.0,0.016,0.012,0.02,0.7749999999999999,0.7,0.85,1.1441434425065387,1.1135528725660044,1.174734012447073,1.0,0.1,47.61904761904764,True,0.1,0.9,25.0,10000.0,0.938,0.139
compass.d.h+.case5.1253,1 - 1 - 2103,301.03984399999996,2.8660254037844384,1.7320508075688772,4.0,0.016,0.012,0.02,0.7749999999999999,0.7,0.85,1.2038084065204342,1.174734012447073,1.2328828005937953,1.0,0.1,47.61904761904764,True,0.1,0.9,25.0,10000.0,0.938,0.139
compass.d.h+.case5.1254,1 - 1 - 2103,301.03984399999996,2.8660254037844384,1.7320508075688772,4.0,0.016,0.012,0.02,0.7749999999999999,0.7,0.85,1.2645154701376837,1.2328828005937953,1.296148139681572,1.0,0.1,41.666666666666735,True,0.1,0.9,25.0,10000.0,0.938,0.139
compass.d.h+.case5.1255,1 - 1 - 2103,301.03984399999996,2.8660254037844384,1.7320508075688772,4.0,0.016,0.012,0.02,0.7749999999999999,0.7,0.85,1.328147595277558,1.296148139681572,1.3601470508735443,1.0,0.1,39.215686274509764,True,0.1,0.9,25.0,10000.0,0.938,0.139
compass.d.h+.case5.1256,1 - 1 - 2103,301.03984399999996,2.8660254037844384,1.7320508075688772,4.0,0.016,0.012,0.02,0.7749999999999999,0.7,0.85,1.3959645786005899,1.3601470508735443,1.4317821063276353,1.0,0.1,33.333333333333336,True,0.1,0.9,25.0,10000.0,0.938,0.139
compass.d.h+.case5.1257,1 - 1 - 2103,301.03984399999996,2.8660254037844384,1.7320508075688772,4.0,0.016,0.012,0.02,0.7749999999999999,0.7,0.85,1.4823765390016121,1.4317821063276353,1.5329709716755893,1.0,0.1,22.2222222222222,True,0.1,0.9,25.0,10000.0,0.938,0.139
compass.d.h+.case5.1258,1 - 1 - 2103,301.03984399999996,2.8660254037844384,1.7320508075688772,4.0,0.016,0.012,0.02,0.7749999999999999,0.7,0.85,1.58042651564278,1.5329709716755893,1.6278820596099706,1.0,0.1,22.222222222222232,True,0.1,0.9,25.0,10000.0,0.938,0.139
compass.d.h+.case5.1259,1 - 1 - 2103,301.03984399999996,2.8660254037844384,1.7320508075688772,4.0,0.016,0.012,0.02,0.7749999999999999,0.7,0.85,1.6799664335894238,1.6278820596099706,1.7320508075688772,1.0,0.1,19.04761904761906,True,0.1,0.9,25.0,10000.0,0.938,0.139
compass.d.h+.case5.1260,1 - 1 - 2103,301.03984399999996,2.8660254037844384,1.7320508075688772,4.0,0.028999999999999998,0.02,0.038,0.15000000000000002,0.1,0.2,0.17071067811865476,0.1414213562373095,0.2,1.0,0.1,499.9999999999998,True,0.1,0.9,25.0,10000.0,0.938,0.139
compass.d.h+.case5.1261,1 - 1 - 2103,301.03984399999996,2.8660254037844384,1.7320508075688772,4.0,0.028999999999999998,0.02,0.038,0.15000000000000002,0.1,0.2,0.2224744871391589,0.2,0.2449489742783178,1.0,0.1,500.0000000000003,True,0.1,0.9,25.0,10000.0,0.938,0.139
compass.d.h+.case5.1262,1 - 1 - 2103,301.03984399999996,2.8660254037844384,1.7320508075688772,4.0,0.028999999999999998,0.02,0.038,0.15000000000000002,0.1,0.2,0.26389584337646843,0.2449489742783178,0.282842712474619,1.0,0.1,499.9999999999999,True,0.1,0.9,25.0,10000.0,0.938,0.139
compass.d.h+.case5.1263,1 - 1 - 2103,301.03984399999996,2.8660254037844384,1.7320508075688772,4.0,0.028999999999999998,0.02,0.038,0.15000000000000002,0.1,0.2,0.29953523924572845,0.282842712474619,0.31622776601683794,1.0,0.1,499.9999999999999,True,0.1,0.9,25.0,10000.0,0.938,0.139
compass.d.h+.case5.1264,1 - 1 - 2103,301.03984399999996,2.8660254037844384,1.7320508075688772,4.0,0.028999999999999998,0.02,0.038,0.15000000000000002,0.1,0.2,0.3313189637653067,0.31622776601683794,0.34641016151377546,1.0,0.1,500.0000000000003,True,0.1,0.9,25.0,10000.0,0.938,0.139
compass.d.h+.case5.1265,1 - 1 - 2103,301.03984399999996,2.8660254037844384,1.7320508075688772,4.0,0.028999999999999998,0.02,0.038,0.15000000000000002,0.1,0.2,0.3602879500955848,0.34641016151377546,0.37416573867739417,1.0,0.1,499.99999999999955,True,0.1,0.9,25.0,10000.0,0.938,0.139
compass.d.h+.case5.1266,1 - 1 - 2103,301.03984399999996,2.8660254037844384,1.7320508075688772,4.0,0.028999999999999998,0.02,0.038,0.15000000000000002,0.1,0.2,0.3932381506195801,0.37416573867739417,0.41231056256176607,1.0,0.1,333.3333333333333,True,0.1,0.9,25.0,10000.0,0.938,0.139
compass.d.h+.case5.1267,1 - 1 - 2103,301.03984399999996,2.8660254037844384,1.7320508075688772,4.0,0.028999999999999998,0.02,0.038,0.15000000000000002,0.1,0.2,0.429762079030862,0.41231056256176607,0.4472135954999579,1.0,0.1,333.3333333333336,True,0.1,0.9,25.0,10000.0,0.938,0.139
compass.d.h+.case5.1268,1 - 1 - 2103,301.03984399999996,2.8660254037844384,1.7320508075688772,4.0,0.028999999999999998,0.02,0.038,0.15000000000000002,0.1,0.2,0.46339837391561495,0.4472135954999579,0.47958315233127197,1.0,0.1,333.33333333333303,True,0.1,0.9,25.0,10000.0,0.938,0.139
compass.d.h+.case5.1269,1 - 1 - 2103,301.03984399999996,2.8660254037844384,1.7320508075688772,4.0,0.028999999999999998,0.02,0.038,0.15000000000000002,0.1,0.2,0.4995991973009676,0.47958315233127197,0.5196152422706632,1.0,0.1,249.9999999999996,True,0.1,0.9,25.0,10000.0,0.938,0.139
compass.d.h+.case5.1270,1 - 1 - 2103,301.03984399999996,2.8660254037844384,1.7320508075688772,4.0,0.028999999999999998,0.02,0.038,0.15000000000000002,0.1,0.2,0.5336688998879147,0.5196152422706632,0.5477225575051661,1.0,0.1,333.3333333333349,True,0.1,0.9,25.0,10000.0,0.938,0.139
compass.d.h+.case5.1271,1 - 1 - 2103,301.03984399999996,2.8660254037844384,1.7320508075688772,4.0,0.028999999999999998,0.02,0.038,0.15000000000000002,0.1,0.2,0.5696652679075638,0.5477225575051661,0.5916079783099616,1.0,0.1,199.9999999999998,True,0.1,0.9,25.0,10000.0,0.938,0.139
compass.d.h+.case5.1272,1 - 1 - 2103,301.03984399999996,2.8660254037844384,1.7320508075688772,4.0,0.028999999999999998,0.02,0.038,0.15000000000000002,0.1,0.2,0.6120317551718187,0.5916079783099616,0.6324555320336759,1.0,0.1,199.9999999999998,True,0.1,0.9,25.0,10000.0,0.938,0.139
compass.d.h+.case5.1273,1 - 1 - 2103,301.03984399999996,2.8660254037844384,1.7320508075688772,4.0,0.028999999999999998,0.02,0.038,0.15000000000000002,0.1,0.2,0.6553442651731014,0.6324555320336759,0.6782329983125268,1.0,0.1,166.66666666666666,True,0.1,0.9,25.0,10000.0,0.938,0.139
compass.d.h+.case5.1274,1 - 1 - 2103,301.03984399999996,2.8660254037844384,1.7320508075688772,4.0,0.028999999999999998,0.02,0.038,0.15000000000000002,0.1,0.2,0.6996716267026624,0.6782329983125268,0.7211102550927979,1.0,0.1,166.66666666666634,True,0.1,0.9,25.0,10000.0,0.938,0.139
compass.d.h+.case5.1275,1 - 1 - 2103,301.03984399999996,2.8660254037844384,1.7320508075688772,4.0,0.028999999999999998,0.02,0.038,0.15000000000000002,0.1,0.2,0.7478534621671407,0.7211102550927979,0.7745966692414834,1.0,0.1,125.00000000000007,True,0.1,0.9,25.0,10000.0,0.938,0.139
compass.d.h+.case5.1276,1 - 1 - 2103,301.03984399999996,2.8660254037844384,1.7320508075688772,4.0,0.028999999999999998,0.02,0.038,0.15000000000000002,0.1,0.2,0.7996088971825077,0.7745966692414834,0.8246211251235321,1.0,0.1,125.00000000000007,True,0.1,0.9,25.0,10000.0,0.938,0.139
compass.d.h+.case5.1277,1 - 1 - 2103,301.03984399999996,2.8660254037844384,1.7320508075688772,4.0,0.028999999999999998,0.02,0.038,0.15000000000000002,0.1,0.2,0.8482004569158335,0.8246211251235321,0.8717797887081347,1.0,0.1,125.00000000000023,True,0.1,0.9,25.0,10000.0,0.938,0.139
compass.d.h+.case5.1278,1 - 1 - 2103,301.03984399999996,2.8660254037844384,1.7320508075688772,4.0,0.028999999999999998,0.02,0.038,0.15000000000000002,0.1,0.2,0.902258847008508,0.8717797887081347,0.9327379053088815,1.0,0.1,90.9090909090909,True,0.1,0.9,25.0,10000.0,0.938,0.139
compass.d.h+.case5.1279,1 - 1 - 2103,301.03984399999996,2.8660254037844384,1.7320508075688772,4.0,0.028999999999999998,0.02,0.038,0.15000000000000002,0.1,0.2,0.9663689526544408,0.9327379053088815,1.0,1.0,0.1,76.92307692307685,True,0.1,0.9,25.0,10000.0,0.938,0.139
compass.d.h+.case5.1280,1 - 1 - 2103,301.03984399999996,2.8660254037844384,1.7320508075688772,4.0,0.028999999999999998,0.02,0.038,0.15000000000000002,0.1,0.2,1.029150262212918,1.0,1.0583005244258363,1.0,0.1,83.33333333333326,True,0.1,0.9,25.0,10000.0,0.938,0.139
compass.d.h+.case5.1281,1 - 1 - 2103,301.03984399999996,2.8660254037844384,1.7320508075688772,4.0,0.028999999999999998,0.02,0.038,0.15000000000000002,0.1,0.2,1.0859266984959204,1.0583005244258363,1.1135528725660044,1.0,0.1,83.33333333333326,True,0.1,0.9,25.0,10000.0,0.938,0.139
compass.d.h+.case5.1282,1 - 1 - 2103,301.03984399999996,2.8660254037844384,1.7320508075688772,4.0,0.028999999999999998,0.02,0.038,0.15000000000000002,0.1,0.2,1.1441434425065387,1.1135528725660044,1.174734012447073,1.0,0.1,71.42857142857147,True,0.1,0.9,25.0,10000.0,0.938,0.139
compass.d.h+.case5.1283,1 - 1 - 2103,301.03984399999996,2.8660254037844384,1.7320508075688772,4.0,0.028999999999999998,0.02,0.038,0.15000000000000002,0.1,0.2,1.2038084065204342,1.174734012447073,1.2328828005937953,1.0,0.1,71.42857142857147,True,0.1,0.9,25.0,10000.0,0.938,0.139
compass.d.h+.case5.1284,1 - 1 - 2103,301.03984399999996,2.8660254037844384,1.7320508075688772,4.0,0.028999999999999998,0.02,0.038,0.15000000000000002,0.1,0.2,1.2645154701376837,1.2328828005937953,1.296148139681572,1.0,0.1,62.500000000000114,True,0.1,0.9,25.0,10000.0,0.938,0.139
compass.d.h+.case5.1285,1 - 1 - 2103,301.03984399999996,2.8660254037844384,1.7320508075688772,4.0,0.028999999999999998,0.02,0.038,0.15000000000000002,0.1,0.2,1.328147595277558,1.296148139681572,1.3601470508735443,1.0,0.1,58.82352941176465,True,0.1,0.9,25.0,10000.0,0.938,0.139
compass.d.h+.case5.1286,1 - 1 - 2103,301.03984399999996,2.8660254037844384,1.7320508075688772,4.0,0.028999999999999998,0.02,0.038,0.15000000000000002,0.1,0.2,1.3959645786005899,1.3601470508735443,1.4317821063276353,1.0,0.1,50.00000000000001,True,0.1,0.9,25.0,10000.0,0.938,0.139
compass.d.h+.case5.1287,1 - 1 - 2103,301.03984399999996,2.8660254037844384,1.7320508075688772,4.0,0.028999999999999998,0.02,0.038,0.15000000000000002,0.1,0.2,1.4823765390016121,1.4317821063276353,1.5329709716755893,1.0,0.1,33.3333333333333,True,0.1,0.9,25.0,10000.0,0.938,0.139
compass.d.h+.case5.1288,1 - 1 - 2103,301.03984399999996,2.8660254037844384,1.7320508075688772,4.0,0.028999999999999998,0.02,0.038,0.15000000000000002,0.1,0.2,1.58042651564278,1.5329709716755893,1.6278820596099706,1.0,0.1,33.33333333333335,True,0.1,0.9,25.0,10000.0,0.938,0.139
compass.d.h+.case5.1289,1 - 1 - 2103,301.03984399999996,2.8660254037844384,1.7320508075688772,4.0,0.028999999999999998,0.02,0.038,0.15000000000000002,0.1,0.2,1.6799664335894238,1.6278820596099706,1.7320508075688772,1.0,0.1,28.571428571428598,True,0.1,0.9,25.0,10000.0,0.938,0.139
compass.d.h+.case5.1290,1 - 1 - 2103,301.03984399999996,2.8660254037844384,1.7320508075688772,4.0,0.028999999999999998,0.02,0.038,0.225,0.2,0.25,0.17071067811865476,0.1414213562373095,0.2,1.0,0.1,999.9999999999998,True,0.1,0.9,25.0,10000.0,0.938,0.139
compass.d.h+.case5.1291,1 - 1 - 2103,301.03984399999996,2.8660254037844384,1.7320508075688772,4.0,0.028999999999999998,0.02,0.038,0.225,0.2,0.25,0.2224744871391589,0.2,0.2449489742783178,1.0,0.1,1000.0000000000008,True,0.1,0.9,25.0,10000.0,0.938,0.139
compass.d.h+.case5.1292,1 - 1 - 2103,301.03984399999996,2.8660254037844384,1.7320508075688772,4.0,0.028999999999999998,0.02,0.038,0.225,0.2,0.25,0.26389584337646843,0.2449489742783178,0.282842712474619,1.0,0.1,1000.0000000000001,True,0.1,0.9,25.0,10000.0,0.938,0.139
compass.d.h+.case5.1293,1 - 1 - 2103,301.03984399999996,2.8660254037844384,1.7320508075688772,4.0,0.028999999999999998,0.02,0.038,0.225,0.2,0.25,0.29953523924572845,0.282842712474619,0.31622776601683794,1.0,0.1,1000.0000000000001,True,0.1,0.9,25.0,10000.0,0.938,0.139
compass.d.h+.case5.1294,1 - 1 - 2103,301.03984399999996,2.8660254037844384,1.7320508075688772,4.0,0.028999999999999998,0.02,0.038,0.225,0.2,0.25,0.3313189637653067,0.31622776601683794,0.34641016151377546,1.0,0.1,1000.0000000000008,True,0.1,0.9,25.0,10000.0,0.938,0.139
compass.d.h+.case5.1295,1 - 1 - 2103,301.03984399999996,2.8660254037844384,1.7320508075688772,4.0,0.028999999999999998,0.02,0.038,0.225,0.2,0.25,0.3602879500955848,0.34641016151377546,0.37416573867739417,1.0,0.1,999.9999999999993,True,0.1,0.9,25.0,10000.0,0.938,0.139
compass.d.h+.case5.1296,1 - 1 - 2103,301.03984399999996,2.8660254037844384,1.7320508075688772,4.0,0.028999999999999998,0.02,0.038,0.225,0.2,0.25,0.3932381506195801,0.37416573867739417,0.41231056256176607,1.0,0.1,666.6666666666669,True,0.1,0.9,25.0,10000.0,0.938,0.139
compass.d.h+.case5.1297,1 - 1 - 2103,301.03984399999996,2.8660254037844384,1.7320508075688772,4.0,0.028999999999999998,0.02,0.038,0.225,0.2,0.25,0.429762079030862,0.41231056256176607,0.4472135954999579,1.0,0.1,666.6666666666674,True,0.1,0.9,25.0,10000.0,0.938,0.139
compass.d.h+.case5.1298,1 - 1 - 2103,301.03984399999996,2.8660254037844384,1.7320508075688772,4.0,0.028999999999999998,0.02,0.038,0.225,0.2,0.25,0.46339837391561495,0.4472135954999579,0.47958315233127197,1.0,0.1,666.6666666666663,True,0.1,0.9,25.0,10000.0,0.938,0.139
compass.d.h+.case5.1299,1 - 1 - 2103,301.03984399999996,2.8660254037844384,1.7320508075688772,4.0,0.028999999999999998,0.02,0.038,0.225,0.2,0.25,0.4995991973009676,0.47958315233127197,0.5196152422706632,1.0,0.1,499.9999999999993,True,0.1,0.9,25.0,10000.0,0.938,0.139
compass.d.h+.case5.1300,1 - 1 - 2103,301.03984399999996,2.8660254037844384,1.7320508075688772,4.0,0.028999999999999998,0.02,0.038,0.225,0.2,0.25,0.5336688998879147,0.5196152422706632,0.5477225575051661,1.0,0.1,666.66666666667,True,0.1,0.9,25.0,10000.0,0.938,0.139
compass.d.h+.case5.1301,1 - 1 - 2103,301.03984399999996,2.8660254037844384,1.7320508075688772,4.0,0.028999999999999998,0.02,0.038,0.225,0.2,0.25,0.5696652679075638,0.5477225575051661,0.5916079783099616,1.0,0.1,399.9999999999997,True,0.1,0.9,25.0,10000.0,0.938,0.139
compass.d.h+.case5.1302,1 - 1 - 2103,301.03984399999996,2.8660254037844384,1.7320508075688772,4.0,0.028999999999999998,0.02,0.038,0.225,0.2,0.25,0.6120317551718187,0.5916079783099616,0.6324555320336759,1.0,0.1,399.9999999999997,True,0.1,0.9,25.0,10000.0,0.938,0.139
compass.d.h+.case5.1303,1 - 1 - 2103,301.03984399999996,2.8660254037844384,1.7320508075688772,4.0,0.028999999999999998,0.02,0.038,0.225,0.2,0.25,0.6553442651731014,0.6324555320336759,0.6782329983125268,1.0,0.1,333.3333333333334,True,0.1,0.9,25.0,10000.0,0.938,0.139
compass.d.h+.case5.1304,1 - 1 - 2103,301.03984399999996,2.8660254037844384,1.7320508075688772,4.0,0.028999999999999998,0.02,0.038,0.225,0.2,0.25,0.6996716267026624,0.6782329983125268,0.7211102550927979,1.0,0.1,333.3333333333328,True,0.1,0.9,25.0,10000.0,0.938,0.139
compass.d.h+.case5.1305,1 - 1 - 2103,301.03984399999996,2.8660254037844384,1.7320508075688772,4.0,0.028999999999999998,0.02,0.038,0.225,0.2,0.25,0.7478534621671407,0.7211102550927979,0.7745966692414834,1.0,0.1,250.0000000000002,True,0.1,0.9,25.0,10000.0,0.938,0.139
compass.d.h+.case5.1306,1 - 1 - 2103,301.03984399999996,2.8660254037844384,1.7320508075688772,4.0,0.028999999999999998,0.02,0.038,0.225,0.2,0.25,0.7996088971825077,0.7745966692414834,0.8246211251235321,1.0,0.1,250.0000000000002,True,0.1,0.9,25.0,10000.0,0.938,0.139
compass.d.h+.case5.1307,1 - 1 - 2103,301.03984399999996,2.8660254037844384,1.7320508075688772,4.0,0.028999999999999998,0.02,0.038,0.225,0.2,0.25,0.8482004569158335,0.8246211251235321,0.8717797887081347,1.0,0.1,250.0000000000005,True,0.1,0.9,25.0,10000.0,0.938,0.139
compass.d.h+.case5.1308,1 - 1 - 2103,301.03984399999996,2.8660254037844384,1.7320508075688772,4.0,0.028999999999999998,0.02,0.038,0.225,0.2,0.25,0.902258847008508,0.8717797887081347,0.9327379053088815,1.0,0.1,181.81818181818187,True,0.1,0.9,25.0,10000.0,0.938,0.139
compass.d.h+.case5.1309,1 - 1 - 2103,301.03984399999996,2.8660254037844384,1.7320508075688772,4.0,0.028999999999999998,0.02,0.038,0.225,0.2,0.25,0.9663689526544408,0.9327379053088815,1.0,1.0,0.1,153.84615384615375,True,0.1,0.9,25.0,10000.0,0.938,0.139
compass.d.h+.case5.1310,1 - 1 - 2103,301.03984399999996,2.8660254037844384,1.7320508075688772,4.0,0.028999999999999998,0.02,0.038,0.225,0.2,0.25,1.029150262212918,1.0,1.0583005244258363,1.0,0.1,166.66666666666657,True,0.1,0.9,25.0,10000.0,0.938,0.139
compass.d.h+.case5.1311,1 - 1 - 2103,301.03984399999996,2.8660254037844384,1.7320508075688772,4.0,0.028999999999999998,0.02,0.038,0.225,0.2,0.25,1.0859266984959204,1.0583005244258363,1.1135528725660044,1.0,0.1,166.66666666666657,True,0.1,0.9,25.0,10000.0,0.938,0.139
compass.d.h+.case5.1312,1 - 1 - 2103,301.03984399999996,2.8660254037844384,1.7320508075688772,4.0,0.028999999999999998,0.02,0.038,0.225,0.2,0.25,1.1441434425065387,1.1135528725660044,1.174734012447073,1.0,0.1,142.85714285714297,True,0.1,0.9,25.0,10000.0,0.938,0.139
compass.d.h+.case5.1313,1 - 1 - 2103,301.03984399999996,2.8660254037844384,1.7320508075688772,4.0,0.028999999999999998,0.02,0.038,0.225,0.2,0.25,1.2038084065204342,1.174734012447073,1.2328828005937953,1.0,0.1,142.85714285714297,True,0.1,0.9,25.0,10000.0,0.938,0.139
compass.d.h+.case5.1314,1 - 1 - 2103,301.03984399999996,2.8660254037844384,1.7320508075688772,4.0,0.028999999999999998,0.02,0.038,0.225,0.2,0.25,1.2645154701376837,1.2328828005937953,1.296148139681572,1.0,0.1,125.00000000000026,True,0.1,0.9,25.0,10000.0,0.938,0.139
compass.d.h+.case5.1315,1 - 1 - 2103,301.03984399999996,2.8660254037844384,1.7320508075688772,4.0,0.028999999999999998,0.02,0.038,0.225,0.2,0.25,1.328147595277558,1.296148139681572,1.3601470508735443,1.0,0.1,117.64705882352933,True,0.1,0.9,25.0,10000.0,0.938,0.139
compass.d.h+.case5.1316,1 - 1 - 2103,301.03984399999996,2.8660254037844384,1.7320508075688772,4.0,0.028999999999999998,0.02,0.038,0.225,0.2,0.25,1.3959645786005899,1.3601470508735443,1.4317821063276353,1.0,0.1,100.00000000000004,True,0.1,0.9,25.0,10000.0,0.938,0.139
compass.d.h+.case5.1317,1 - 1 - 2103,301.03984399999996,2.8660254037844384,1.7320508075688772,4.0,0.028999999999999998,0.02,0.038,0.225,0.2,0.25,1.4823765390016121,1.4317821063276353,1.5329709716755893,1.0,0.1,66.66666666666663,True,0.1,0.9,25.0,10000.0,0.938,0.139
compass.d.h+.case5.1318,1 - 1 - 2103,301.03984399999996,2.8660254037844384,1.7320508075688772,4.0,0.028999999999999998,0.02,0.038,0.225,0.2,0.25,1.58042651564278,1.5329709716755893,1.6278820596099706,1.0,0.1,66.66666666666671,True,0.1,0.9,25.0,10000.0,0.938,0.139
compass.d.h+.case5.1319,1 - 1 - 2103,301.03984399999996,2.8660254037844384,1.7320508075688772,4.0,0.028999999999999998,0.02,0.038,0.225,0.2,0.25,1.6799664335894238,1.6278820596099706,1.7320508075688772,1.0,0.1,57.14285714285721,True,0.1,0.9,25.0,10000.0,0.938,0.139
compass.d.h+.case5.1320,1 - 1 - 2103,301.03984399999996,2.8660254037844384,1.7320508075688772,4.0,0.028999999999999998,0.02,0.038,0.275,0.25,0.3,0.17071067811865476,0.1414213562373095,0.2,1.0,0.1,999.9999999999998,True,0.1,0.9,25.0,10000.0,0.938,0.139
compass.d.h+.case5.1321,1 - 1 - 2103,301.03984399999996,2.8660254037844384,1.7320508075688772,4.0,0.028999999999999998,0.02,0.038,0.275,0.25,0.3,0.2224744871391589,0.2,0.2449489742783178,1.0,0.1,1000.0000000000008,True,0.1,0.9,25.0,10000.0,0.938,0.139
compass.d.h+.case5.1322,1 - 1 - 2103,301.03984399999996,2.8660254037844384,1.7320508075688772,4.0,0.028999999999999998,0.02,0.038,0.275,0.25,0.3,0.26389584337646843,0.2449489742783178,0.282842712474619,1.0,0.1,1000.0000000000001,True,0.1,0.9,25.0,10000.0,0.938,0.139
compass.d.h+.case5.1323,1 - 1 - 2103,301.03984399999996,2.8660254037844384,1.7320508075688772,4.0,0.028999999999999998,0.02,0.038,0.275,0.25,0.3,0.29953523924572845,0.282842712474619,0.31622776601683794,1.0,0.1,1000.0000000000001,True,0.1,0.9,25.0,10000.0,0.938,0.139
compass.d.h+.case5.1324,1 - 1 - 2103,301.03984399999996,2.8660254037844384,1.7320508075688772,4.0,0.028999999999999998,0.02,0.038,0.275,0.25,0.3,0.3313189637653067,0.31622776601683794,0.34641016151377546,1.0,0.1,1000.0000000000008,True,0.1,0.9,25.0,10000.0,0.938,0.139
compass.d.h+.case5.1325,1 - 1 - 2103,301.03984399999996,2.8660254037844384,1.7320508075688772,4.0,0.028999999999999998,0.02,0.038,0.275,0.25,0.3,0.3602879500955848,0.34641016151377546,0.37416573867739417,1.0,0.1,999.9999999999993,True,0.1,0.9,25.0,10000.0,0.938,0.139
compass.d.h+.case5.1326,1 - 1 - 2103,301.03984399999996,2.8660254037844384,1.7320508075688772,4.0,0.028999999999999998,0.02,0.038,0.275,0.25,0.3,0.3932381506195801,0.37416573867739417,0.41231056256176607,1.0,0.1,666.6666666666669,True,0.1,0.9,25.0,10000.0,0.938,0.139
compass.d.h+.case5.1327,1 - 1 - 2103,301.03984399999996,2.8660254037844384,1.7320508075688772,4.0,0.028999999999999998,0.02,0.038,0.275,0.25,0.3,0.429762079030862,0.41231056256176607,0.4472135954999579,1.0,0.1,666.6666666666674,True,0.1,0.9,25.0,10000.0,0.938,0.139
compass.d.h+.case5.1328,1 - 1 - 2103,301.03984399999996,2.8660254037844384,1.7320508075688772,4.0,0.028999999999999998,0.02,0.038,0.275,0.25,0.3,0.46339837391561495,0.4472135954999579,0.47958315233127197,1.0,0.1,666.6666666666663,True,0.1,0.9,25.0,10000.0,0.938,0.139
compass.d.h+.case5.1329,1 - 1 - 2103,301.03984399999996,2.8660254037844384,1.7320508075688772,4.0,0.028999999999999998,0.02,0.038,0.275,0.25,0.3,0.4995991973009676,0.47958315233127197,0.5196152422706632,1.0,0.1,499.9999999999993,True,0.1,0.9,25.0,10000.0,0.938,0.139
compass.d.h+.case5.1330,1 - 1 - 2103,301.03984399999996,2.8660254037844384,1.7320508075688772,4.0,0.028999999999999998,0.02,0.038,0.275,0.25,0.3,0.5336688998879147,0.5196152422706632,0.5477225575051661,1.0,0.1,666.66666666667,True,0.1,0.9,25.0,10000.0,0.938,0.139
compass.d.h+.case5.1331,1 - 1 - 2103,301.03984399999996,2.8660254037844384,1.7320508075688772,4.0,0.028999999999999998,0.02,0.038,0.275,0.25,0.3,0.5696652679075638,0.5477225575051661,0.5916079783099616,1.0,0.1,399.9999999999997,True,0.1,0.9,25.0,10000.0,0.938,0.139
compass.d.h+.case5.1332,1 - 1 - 2103,301.03984399999996,2.8660254037844384,1.7320508075688772,4.0,0.028999999999999998,0.02,0.038,0.275,0.25,0.3,0.6120317551718187,0.5916079783099616,0.6324555320336759,1.0,0.1,399.9999999999997,True,0.1,0.9,25.0,10000.0,0.938,0.139
compass.d.h+.case5.1333,1 - 1 - 2103,301.03984399999996,2.8660254037844384,1.7320508075688772,4.0,0.028999999999999998,0.02,0.038,0.275,0.25,0.3,0.6553442651731014,0.6324555320336759,0.6782329983125268,1.0,0.1,333.3333333333334,True,0.1,0.9,25.0,10000.0,0.938,0.139
compass.d.h+.case5.1334,1 - 1 - 2103,301.03984399999996,2.8660254037844384,1.7320508075688772,4.0,0.028999999999999998,0.02,0.038,0.275,0.25,0.3,0.6996716267026624,0.6782329983125268,0.7211102550927979,1.0,0.1,333.3333333333328,True,0.1,0.9,25.0,10000.0,0.938,0.139
compass.d.h+.case5.1335,1 - 1 - 2103,301.03984399999996,2.8660254037844384,1.7320508075688772,4.0,0.028999999999999998,0.02,0.038,0.275,0.25,0.3,0.7478534621671407,0.7211102550927979,0.7745966692414834,1.0,0.1,250.0000000000002,True,0.1,0.9,25.0,10000.0,0.938,0.139
compass.d.h+.case5.1336,1 - 1 - 2103,301.03984399999996,2.8660254037844384,1.7320508075688772,4.0,0.028999999999999998,0.02,0.038,0.275,0.25,0.3,0.7996088971825077,0.7745966692414834,0.8246211251235321,1.0,0.1,250.0000000000002,True,0.1,0.9,25.0,10000.0,0.938,0.139
compass.d.h+.case5.1337,1 - 1 - 2103,301.03984399999996,2.8660254037844384,1.7320508075688772,4.0,0.028999999999999998,0.02,0.038,0.275,0.25,0.3,0.8482004569158335,0.8246211251235321,0.8717797887081347,1.0,0.1,250.0000000000005,True,0.1,0.9,25.0,10000.0,0.938,0.139
compass.d.h+.case5.1338,1 - 1 - 2103,301.03984399999996,2.8660254037844384,1.7320508075688772,4.0,0.028999999999999998,0.02,0.038,0.275,0.25,0.3,0.902258847008508,0.8717797887081347,0.9327379053088815,1.0,0.1,181.81818181818187,True,0.1,0.9,25.0,10000.0,0.938,0.139
compass.d.h+.case5.1339,1 - 1 - 2103,301.03984399999996,2.8660254037844384,1.7320508075688772,4.0,0.028999999999999998,0.02,0.038,0.275,0.25,0.3,0.9663689526544408,0.9327379053088815,1.0,1.0,0.1,153.84615384615375,True,0.1,0.9,25.0,10000.0,0.938,0.139
compass.d.h+.case5.1340,1 - 1 - 2103,301.03984399999996,2.8660254037844384,1.7320508075688772,4.0,0.028999999999999998,0.02,0.038,0.275,0.25,0.3,1.029150262212918,1.0,1.0583005244258363,1.0,0.1,166.66666666666657,True,0.1,0.9,25.0,10000.0,0.938,0.139
compass.d.h+.case5.1341,1 - 1 - 2103,301.03984399999996,2.8660254037844384,1.7320508075688772,4.0,0.028999999999999998,0.02,0.038,0.275,0.25,0.3,1.0859266984959204,1.0583005244258363,1.1135528725660044,1.0,0.1,166.66666666666657,True,0.1,0.9,25.0,10000.0,0.938,0.139
compass.d.h+.case5.1342,1 - 1 - 2103,301.03984399999996,2.8660254037844384,1.7320508075688772,4.0,0.028999999999999998,0.02,0.038,0.275,0.25,0.3,1.1441434425065387,1.1135528725660044,1.174734012447073,1.0,0.1,142.85714285714297,True,0.1,0.9,25.0,10000.0,0.938,0.139
compass.d.h+.case5.1343,1 - 1 - 2103,301.03984399999996,2.8660254037844384,1.7320508075688772,4.0,0.028999999999999998,0.02,0.038,0.275,0.25,0.3,1.2038084065204342,1.174734012447073,1.2328828005937953,1.0,0.1,142.85714285714297,True,0.1,0.9,25.0,10000.0,0.938,0.139
compass.d.h+.case5.1344,1 - 1 - 2103,301.03984399999996,2.8660254037844384,1.7320508075688772,4.0,0.028999999999999998,0.02,0.038,0.275,0.25,0.3,1.2645154701376837,1.2328828005937953,1.296148139681572,1.0,0.1,125.00000000000026,True,0.1,0.9,25.0,10000.0,0.938,0.139
compass.d.h+.case5.1345,1 - 1 - 2103,301.03984399999996,2.8660254037844384,1.7320508075688772,4.0,0.028999999999999998,0.02,0.038,0.275,0.25,0.3,1.328147595277558,1.296148139681572,1.3601470508735443,1.0,0.1,117.64705882352933,True,0.1,0.9,25.0,10000.0,0.938,0.139
compass.d.h+.case5.1346,1 - 1 - 2103,301.03984399999996,2.8660254037844384,1.7320508075688772,4.0,0.028999999999999998,0.02,0.038,0.275,0.25,0.3,1.3959645786005899,1.3601470508735443,1.4317821063276353,1.0,0.1,100.00000000000004,True,0.1,0.9,25.0,10000.0,0.938,0.139
compass.d.h+.case5.1347,1 - 1 - 2103,301.03984399999996,2.8660254037844384,1.7320508075688772,4.0,0.028999999999999998,0.02,0.038,0.275,0.25,0.3,1.4823765390016121,1.4317821063276353,1.5329709716755893,1.0,0.1,66.66666666666663,True,0.1,0.9,25.0,10000.0,0.938,0.139
compass.d.h+.case5.1348,1 - 1 - 2103,301.03984399999996,2.8660254037844384,1.7320508075688772,4.0,0.028999999999999998,0.02,0.038,0.275,0.25,0.3,1.58042651564278,1.5329709716755893,1.6278820596099706,1.0,0.1,66.66666666666671,True,0.1,0.9,25.0,10000.0,0.938,0.139
compass.d.h+.case5.1349,1 - 1 - 2103,301.03984399999996,2.8660254037844384,1.7320508075688772,4.0,0.028999999999999998,0.02,0.038,0.275,0.25,0.3,1.6799664335894238,1.6278820596099706,1.7320508075688772,1.0,0.1,57.14285714285721,True,0.1,0.9,25.0,10000.0,0.938,0.139
compass.d.h+.case5.1350,1 - 1 - 2103,301.03984399999996,2.8660254037844384,1.7320508075688772,4.0,0.028999999999999998,0.02,0.038,0.35,0.3,0.4,0.17071067811865476,0.1414213562373095,0.2,1.0,0.1,499.9999999999996,True,0.1,0.9,25.0,10000.0,0.938,0.139
compass.d.h+.case5.1351,1 - 1 - 2103,301.03984399999996,2.8660254037844384,1.7320508075688772,4.0,0.028999999999999998,0.02,0.038,0.35,0.3,0.4,0.2224744871391589,0.2,0.2449489742783178,1.0,0.1,500.0000000000001,True,0.1,0.9,25.0,10000.0,0.938,0.139
compass.d.h+.case5.1352,1 - 1 - 2103,301.03984399999996,2.8660254037844384,1.7320508075688772,4.0,0.028999999999999998,0.02,0.038,0.35,0.3,0.4,0.26389584337646843,0.2449489742783178,0.282842712474619,1.0,0.1,499.9999999999998,True,0.1,0.9,25.0,10000.0,0.938,0.139
compass.d.h+.case5.1353,1 - 1 - 2103,301.03984399999996,2.8660254037844384,1.7320508075688772,4.0,0.028999999999999998,0.02,0.038,0.35,0.3,0.4,0.29953523924572845,0.282842712474619,0.31622776601683794,1.0,0.1,499.9999999999998,True,0.1,0.9,25.0,10000.0,0.938,0.139
compass.d.h+.case5.1354,1 - 1 - 2103,301.03984399999996,2.8660254037844384,1.7320508075688772,4.0,0.028999999999999998,0.02,0.038,0.35,0.3,0.4,0.3313189637653067,0.31622776601683794,0.34641016151377546,1.0,0.1,500.0000000000001,True,0.1,0.9,25.0,10000.0,0.938,0.139
compass.d.h+.case5.1355,1 - 1 - 2103,301.03984399999996,2.8660254037844384,1.7320508075688772,4.0,0.028999999999999998,0.02,0.038,0.35,0.3,0.4,0.3602879500955848,0.34641016151377546,0.37416573867739417,1.0,0.1,499.99999999999943,True,0.1,0.9,25.0,10000.0,0.938,0.139
compass.d.h+.case5.1356,1 - 1 - 2103,301.03984399999996,2.8660254037844384,1.7320508075688772,4.0,0.028999999999999998,0.02,0.038,0.35,0.3,0.4,0.3932381506195801,0.37416573867739417,0.41231056256176607,1.0,0.1,333.33333333333326,True,0.1,0.9,25.0,10000.0,0.938,0.139
compass.d.h+.case5.1357,1 - 1 - 2103,301.03984399999996,2.8660254037844384,1.7320508075688772,4.0,0.028999999999999998,0.02,0.038,0.35,0.3,0.4,0.429762079030862,0.41231056256176607,0.4472135954999579,1.0,0.1,333.33333333333354,True,0.1,0.9,25.0,10000.0,0.938,0.139
compass.d.h+.case5.1358,1 - 1 - 2103,301.03984399999996,2.8660254037844384,1.7320508075688772,4.0,0.028999999999999998,0.02,0.038,0.35,0.3,0.4,0.46339837391561495,0.4472135954999579,0.47958315233127197,1.0,0.1,333.333333333333,True,0.1,0.9,25.0,10000.0,0.938,0.139
compass.d.h+.case5.1359,1 - 1 - 2103,301.03984399999996,2.8660254037844384,1.7320508075688772,4.0,0.028999999999999998,0.02,0.038,0.35,0.3,0.4,0.4995991973009676,0.47958315233127197,0.5196152422706632,1.0,0.1,249.99999999999952,True,0.1,0.9,25.0,10000.0,0.938,0.139
compass.d.h+.case5.1360,1 - 1 - 2103,301.03984399999996,2.8660254037844384,1.7320508075688772,4.0,0.028999999999999998,0.02,0.038,0.35,0.3,0.4,0.5336688998879147,0.5196152422706632,0.5477225575051661,1.0,0.1,333.3333333333348,True,0.1,0.9,25.0,10000.0,0.938,0.139
compass.d.h+.case5.1361,1 - 1 - 2103,301.03984399999996,2.8660254037844384,1.7320508075688772,4.0,0.028999999999999998,0.02,0.038,0.35,0.3,0.4,0.5696652679075638,0.5477225575051661,0.5916079783099616,1.0,0.1,199.99999999999974,True,0.1,0.9,25.0,10000.0,0.938,0.139
compass.d.h+.case5.1362,1 - 1 - 2103,301.03984399999996,2.8660254037844384,1.7320508075688772,4.0,0.028999999999999998,0.02,0.038,0.35,0.3,0.4,0.6120317551718187,0.5916079783099616,0.6324555320336759,1.0,0.1,199.99999999999974,True,0.1,0.9,25.0,10000.0,0.938,0.139
compass.d.h+.case5.1363,1 - 1 - 2103,301.03984399999996,2.8660254037844384,1.7320508075688772,4.0,0.028999999999999998,0.02,0.038,0.35,0.3,0.4,0.6553442651731014,0.6324555320336759,0.6782329983125268,1.0,0.1,166.66666666666663,True,0.1,0.9,25.0,10000.0,0.938,0.139
compass.d.h+.case5.1364,1 - 1 - 2103,301.03984399999996,2.8660254037844384,1.7320508075688772,4.0,0.028999999999999998,0.02,0.038,0.35,0.3,0.4,0.6996716267026624,0.6782329983125268,0.7211102550927979,1.0,0.1,166.66666666666632,True,0.1,0.9,25.0,10000.0,0.938,0.139
compass.d.h+.case5.1365,1 - 1 - 2103,301.03984399999996,2.8660254037844384,1.7320508075688772,4.0,0.028999999999999998,0.02,0.038,0.35,0.3,0.4,0.7478534621671407,0.7211102550927979,0.7745966692414834,1.0,0.1,125.00000000000003,True,0.1,0.9,25.0,10000.0,0.938,0.139
compass.d.h+.case5.1366,1 - 1 - 2103,301.03984399999996,2.8660254037844384,1.7320508075688772,4.0,0.028999999999999998,0.02,0.038,0.35,0.3,0.4,0.7996088971825077,0.7745966692414834,0.8246211251235321,1.0,0.1,125.00000000000003,True,0.1,0.9,25.0,10000.0,0.938,0.139
compass.d.h+.case5.1367,1 - 1 - 2103,301.03984399999996,2.8660254037844384,1.7320508075688772,4.0,0.028999999999999998,0.02,0.038,0.35,0.3,0.4,0.8482004569158335,0.8246211251235321,0.8717797887081347,1.0,0.1,125.00000000000018,True,0.1,0.9,25.0,10000.0,0.938,0.139
compass.d.h+.case5.1368,1 - 1 - 2103,301.03984399999996,2.8660254037844384,1.7320508075688772,4.0,0.028999999999999998,0.02,0.038,0.35,0.3,0.4,0.902258847008508,0.8717797887081347,0.9327379053088815,1.0,0.1,90.90909090909089,True,0.1,0.9,25.0,10000.0,0.938,0.139
compass.d.h+.case5.1369,1 - 1 - 2103,301.03984399999996,2.8660254037844384,1.7320508075688772,4.0,0.028999999999999998,0.02,0.038,0.35,0.3,0.4,0.9663689526544408,0.9327379053088815,1.0,1.0,0.1,76.92307692307683,True,0.1,0.9,25.0,10000.0,0.938,0.139
compass.d.h+.case5.1370,1 - 1 - 2103,301.03984399999996,2.8660254037844384,1.7320508075688772,4.0,0.028999999999999998,0.02,0.038,0.35,0.3,0.4,1.029150262212918,1.0,1.0583005244258363,1.0,0.1,83.33333333333324,True,0.1,0.9,25.0,10000.0,0.938,0.139
compass.d.h+.case5.1371,1 - 1 - 2103,301.03984399999996,2.8660254037844384,1.7320508075688772,4.0,0.028999999999999998,0.02,0.038,0.35,0.3,0.4,1.0859266984959204,1.0583005244258363,1.1135528725660044,1.0,0.1,83.33333333333324,True,0.1,0.9,25.0,10000.0,0.938,0.139
compass.d.h+.case5.1372,1 - 1 - 2103,301.03984399999996,2.8660254037844384,1.7320508075688772,4.0,0.028999999999999998,0.02,0.038,0.35,0.3,0.4,1.1441434425065387,1.1135528725660044,1.174734012447073,1.0,0.1,71.42857142857146,True,0.1,0.9,25.0,10000.0,0.938,0.139
compass.d.h+.case5.1373,1 - 1 - 2103,301.03984399999996,2.8660254037844384,1.7320508075688772,4.0,0.028999999999999998,0.02,0.038,0.35,0.3,0.4,1.2038084065204342,1.174734012447073,1.2328828005937953,1.0,0.1,71.42857142857146,True,0.1,0.9,25.0,10000.0,0.938,0.139
compass.d.h+.case5.1374,1 - 1 - 2103,301.03984399999996,2.8660254037844384,1.7320508075688772,4.0,0.028999999999999998,0.02,0.038,0.35,0.3,0.4,1.2645154701376837,1.2328828005937953,1.296148139681572,1.0,0.1,62.50000000000009,True,0.1,0.9,25.0,10000.0,0.938,0.139
compass.d.h+.case5.1375,1 - 1 - 2103,301.03984399999996,2.8660254037844384,1.7320508075688772,4.0,0.028999999999999998,0.02,0.038,0.35,0.3,0.4,1.328147595277558,1.296148139681572,1.3601470508735443,1.0,0.1,58.82352941176464,True,0.1,0.9,25.0,10000.0,0.938,0.139
compass.d.h+.case5.1376,1 - 1 - 2103,301.03984399999996,2.8660254037844384,1.7320508075688772,4.0,0.028999999999999998,0.02,0.038,0.35,0.3,0.4,1.3959645786005899,1.3601470508735443,1.4317821063276353,1.0,0.1,49.99999999999999,True,0.1,0.9,25.0,10000.0,0.938,0.139
compass.d.h+.case5.1377,1 - 1 - 2103,301.03984399999996,2.8660254037844384,1.7320508075688772,4.0,0.028999999999999998,0.02,0.038,0.35,0.3,0.4,1.4823765390016121,1.4317821063276353,1.5329709716755893,1.0,0.1,33.33333333333329,True,0.1,0.9,25.0,10000.0,0.938,0.139
compass.d.h+.case5.1378,1 - 1 - 2103,301.03984399999996,2.8660254037844384,1.7320508075688772,4.0,0.028999999999999998,0.02,0.038,0.35,0.3,0.4,1.58042651564278,1.5329709716755893,1.6278820596099706,1.0,0.1,33.33333333333334,True,0.1,0.9,25.0,10000.0,0.938,0.139
compass.d.h+.case5.1379,1 - 1 - 2103,301.03984399999996,2.8660254037844384,1.7320508075688772,4.0,0.028999999999999998,0.02,0.038,0.35,0.3,0.4,1.6799664335894238,1.6278820596099706,1.7320508075688772,1.0,0.1,28.57142857142859,True,0.1,0.9,25.0,10000.0,0.938,0.139
compass.d.h+.case5.1380,1 - 1 - 2103,301.03984399999996,2.8660254037844384,1.7320508075688772,4.0,0.028999999999999998,0.02,0.038,0.47500000000000003,0.4,0.55,0.17071067811865476,0.1414213562373095,0.2,1.0,0.1,333.33333333333314,True,0.1,0.9,25.0,10000.0,0.938,0.139
compass.d.h+.case5.1381,1 - 1 - 2103,301.03984399999996,2.8660254037844384,1.7320508075688772,4.0,0.028999999999999998,0.02,0.038,0.47500000000000003,0.4,0.55,0.2224744871391589,0.2,0.2449489742783178,1.0,0.1,333.3333333333335,True,0.1,0.9,25.0,10000.0,0.938,0.139
compass.d.h+.case5.1382,1 - 1 - 2103,301.03984399999996,2.8660254037844384,1.7320508075688772,4.0,0.028999999999999998,0.02,0.038,0.47500000000000003,0.4,0.55,0.26389584337646843,0.2449489742783178,0.282842712474619,1.0,0.1,333.33333333333326,True,0.1,0.9,25.0,10000.0,0.938,0.139
compass.d.h+.case5.1383,1 - 1 - 2103,301.03984399999996,2.8660254037844384,1.7320508075688772,4.0,0.028999999999999998,0.02,0.038,0.47500000000000003,0.4,0.55,0.29953523924572845,0.282842712474619,0.31622776601683794,1.0,0.1,333.33333333333326,True,0.1,0.9,25.0,10000.0,0.938,0.139
compass.d.h+.case5.1384,1 - 1 - 2103,301.03984399999996,2.8660254037844384,1.7320508075688772,4.0,0.028999999999999998,0.02,0.038,0.47500000000000003,0.4,0.55,0.3313189637653067,0.31622776601683794,0.34641016151377546,1.0,0.1,333.3333333333335,True,0.1,0.9,25.0,10000.0,0.938,0.139
compass.d.h+.case5.1385,1 - 1 - 2103,301.03984399999996,2.8660254037844384,1.7320508075688772,4.0,0.028999999999999998,0.02,0.038,0.47500000000000003,0.4,0.55,0.3602879500955848,0.34641016151377546,0.37416573867739417,1.0,0.1,333.333333333333,True,0.1,0.9,25.0,10000.0,0.938,0.139
compass.d.h+.case5.1386,1 - 1 - 2103,301.03984399999996,2.8660254037844384,1.7320508075688772,4.0,0.028999999999999998,0.02,0.038,0.47500000000000003,0.4,0.55,0.3932381506195801,0.37416573867739417,0.41231056256176607,1.0,0.1,222.2222222222222,True,0.1,0.9,25.0,10000.0,0.938,0.139
compass.d.h+.case5.1387,1 - 1 - 2103,301.03984399999996,2.8660254037844384,1.7320508075688772,4.0,0.028999999999999998,0.02,0.038,0.47500000000000003,0.4,0.55,0.429762079030862,0.41231056256176607,0.4472135954999579,1.0,0.1,222.2222222222224,True,0.1,0.9,25.0,10000.0,0.938,0.139
compass.d.h+.case5.1388,1 - 1 - 2103,301.03984399999996,2.8660254037844384,1.7320508075688772,4.0,0.028999999999999998,0.02,0.038,0.47500000000000003,0.4,0.55,0.46339837391561495,0.4472135954999579,0.47958315233127197,1.0,0.1,222.22222222222203,True,0.1,0.9,25.0,10000.0,0.938,0.139
compass.d.h+.case5.1389,1 - 1 - 2103,301.03984399999996,2.8660254037844384,1.7320508075688772,4.0,0.028999999999999998,0.02,0.038,0.47500000000000003,0.4,0.55,0.4995991973009676,0.47958315233127197,0.5196152422706632,1.0,0.1,166.66666666666637,True,0.1,0.9,25.0,10000.0,0.938,0.139
compass.d.h+.case5.1390,1 - 1 - 2103,301.03984399999996,2.8660254037844384,1.7320508075688772,4.0,0.028999999999999998,0.02,0.038,0.47500000000000003,0.4,0.55,0.5336688998879147,0.5196152422706632,0.5477225575051661,1.0,0.1,222.22222222222325,True,0.1,0.9,25.0,10000.0,0.938,0.139
compass.d.h+.case5.1391,1 - 1 - 2103,301.03984399999996,2.8660254037844384,1.7320508075688772,4.0,0.028999999999999998,0.02,0.038,0.47500000000000003,0.4,0.55,0.5696652679075638,0.5477225575051661,0.5916079783099616,1.0,0.1,133.3333333333332,True,0.1,0.9,25.0,10000.0,0.938,0.139
compass.d.h+.case5.1392,1 - 1 - 2103,301.03984399999996,2.8660254037844384,1.7320508075688772,4.0,0.028999999999999998,0.02,0.038,0.47500000000000003,0.4,0.55,0.6120317551718187,0.5916079783099616,0.6324555320336759,1.0,0.1,133.3333333333332,True,0.1,0.9,25.0,10000.0,0.938,0.139
compass.d.h+.case5.1393,1 - 1 - 2103,301.03984399999996,2.8660254037844384,1.7320508075688772,4.0,0.028999999999999998,0.02,0.038,0.47500000000000003,0.4,0.55,0.6553442651731014,0.6324555320336759,0.6782329983125268,1.0,0.1,111.1111111111111,True,0.1,0.9,25.0,10000.0,0.938,0.139
compass.d.h+.case5.1394,1 - 1 - 2103,301.03984399999996,2.8660254037844384,1.7320508075688772,4.0,0.028999999999999998,0.02,0.038,0.47500000000000003,0.4,0.55,0.6996716267026624,0.6782329983125268,0.7211102550927979,1.0,0.1,111.11111111111089,True,0.1,0.9,25.0,10000.0,0.938,0.139
compass.d.h+.case5.1395,1 - 1 - 2103,301.03984399999996,2.8660254037844384,1.7320508075688772,4.0,0.028999999999999998,0.02,0.038,0.47500000000000003,0.4,0.55,0.7478534621671407,0.7211102550927979,0.7745966692414834,1.0,0.1,83.33333333333337,True,0.1,0.9,25.0,10000.0,0.938,0.139
compass.d.h+.case5.1396,1 - 1 - 2103,301.03984399999996,2.8660254037844384,1.7320508075688772,4.0,0.028999999999999998,0.02,0.038,0.47500000000000003,0.4,0.55,0.7996088971825077,0.7745966692414834,0.8246211251235321,1.0,0.1,83.33333333333337,True,0.1,0.9,25.0,10000.0,0.938,0.139
compass.d.h+.case5.1397,1 - 1 - 2103,301.03984399999996,2.8660254037844384,1.7320508075688772,4.0,0.028999999999999998,0.02,0.038,0.47500000000000003,0.4,0.55,0.8482004569158335,0.8246211251235321,0.8717797887081347,1.0,0.1,83.33333333333347,True,0.1,0.9,25.0,10000.0,0.938,0.139
compass.d.h+.case5.1398,1 - 1 - 2103,301.03984399999996,2.8660254037844384,1.7320508075688772,4.0,0.028999999999999998,0.02,0.038,0.47500000000000003,0.4,0.55,0.902258847008508,0.8717797887081347,0.9327379053088815,1.0,0.1,60.6060606060606,True,0.1,0.9,25.0,10000.0,0.938,0.139
compass.d.h+.case5.1399,1 - 1 - 2103,301.03984399999996,2.8660254037844384,1.7320508075688772,4.0,0.028999999999999998,0.02,0.038,0.47500000000000003,0.4,0.55,0.9663689526544408,0.9327379053088815,1.0,1.0,0.1,51.28205128205123,True,0.1,0.9,25.0,10000.0,0.938,0.139
compass.d.h+.case5.1400,1 - 1 - 2103,301.03984399999996,2.8660254037844384,1.7320508075688772,4.0,0.028999999999999998,0.02,0.038,0.47500000000000003,0.4,0.55,1.029150262212918,1.0,1.0583005244258363,1.0,0.1,55.55555555555551,True,0.1,0.9,25.0,10000.0,0.938,0.139
compass.d.h+.case5.1401,1 - 1 - 2103,301.03984399999996,2.8660254037844384,1.7320508075688772,4.0,0.028999999999999998,0.02,0.038,0.47500000000000003,0.4,0.55,1.0859266984959204,1.0583005244258363,1.1135528725660044,1.0,0.1,55.55555555555551,True,0.1,0.9,25.0,10000.0,0.938,0.139
compass.d.h+.case5.1402,1 - 1 - 2103,301.03984399999996,2.8660254037844384,1.7320508075688772,4.0,0.028999999999999998,0.02,0.038,0.47500000000000003,0.4,0.55,1.1441434425065387,1.1135528725660044,1.174734012447073,1.0,0.1,47.61904761904764,True,0.1,0.9,25.0,10000.0,0.938,0.139
compass.d.h+.case5.1403,1 - 1 - 2103,301.03984399999996,2.8660254037844384,1.7320508075688772,4.0,0.028999999999999998,0.02,0.038,0.47500000000000003,0.4,0.55,1.2038084065204342,1.174734012447073,1.2328828005937953,1.0,0.1,47.61904761904764,True,0.1,0.9,25.0,10000.0,0.938,0.139
compass.d.h+.case5.1404,1 - 1 - 2103,301.03984399999996,2.8660254037844384,1.7320508075688772,4.0,0.028999999999999998,0.02,0.038,0.47500000000000003,0.4,0.55,1.2645154701376837,1.2328828005937953,1.296148139681572,1.0,0.1,41.666666666666735,True,0.1,0.9,25.0,10000.0,0.938,0.139
compass.d.h+.case5.1405,1 - 1 - 2103,301.03984399999996,2.8660254037844384,1.7320508075688772,4.0,0.028999999999999998,0.02,0.038,0.47500000000000003,0.4,0.55,1.328147595277558,1.296148139681572,1.3601470508735443,1.0,0.1,39.215686274509764,True,0.1,0.9,25.0,10000.0,0.938,0.139
compass.d.h+.case5.1406,1 - 1 - 2103,301.03984399999996,2.8660254037844384,1.7320508075688772,4.0,0.028999999999999998,0.02,0.038,0.47500000000000003,0.4,0.55,1.3959645786005899,1.3601470508735443,1.4317821063276353,1.0,0.1,33.333333333333336,True,0.1,0.9,25.0,10000.0,0.938,0.139
compass.d.h+.case5.1407,1 - 1 - 2103,301.03984399999996,2.8660254037844384,1.7320508075688772,4.0,0.028999999999999998,0.02,0.038,0.47500000000000003,0.4,0.55,1.4823765390016121,1.4317821063276353,1.5329709716755893,1.0,0.1,22.2222222222222,True,0.1,0.9,25.0,10000.0,0.938,0.139
compass.d.h+.case5.1408,1 - 1 - 2103,301.03984399999996,2.8660254037844384,1.7320508075688772,4.0,0.028999999999999998,0.02,0.038,0.47500000000000003,0.4,0.55,1.58042651564278,1.5329709716755893,1.6278820596099706,1.0,0.1,22.222222222222232,True,0.1,0.9,25.0,10000.0,0.938,0.139
compass.d.h+.case5.1409,1 - 1 - 2103,301.03984399999996,2.8660254037844384,1.7320508075688772,4.0,0.028999999999999998,0.02,0.038,0.47500000000000003,0.4,0.55,1.6799664335894238,1.6278820596099706,1.7320508075688772,1.0,0.1,19.04761904761906,True,0.1,0.9,25.0,10000.0,0.938,0.139
compass.d.h+.case5.1410,1 - 1 - 2103,301.03984399999996,2.8660254037844384,1.7320508075688772,4.0,0.028999999999999998,0.02,0.038,0.625,0.55,0.7,0.17071067811865476,0.1414213562373095,0.2,1.0,0.1,333.33333333333337,True,0.1,0.9,25.0,10000.0,0.938,0.139
compass.d.h+.case5.1411,1 - 1 - 2103,301.03984399999996,2.8660254037844384,1.7320508075688772,4.0,0.028999999999999998,0.02,0.038,0.625,0.55,0.7,0.2224744871391589,0.2,0.2449489742783178,1.0,0.1,333.3333333333337,True,0.1,0.9,25.0,10000.0,0.938,0.139
compass.d.h+.case5.1412,1 - 1 - 2103,301.03984399999996,2.8660254037844384,1.7320508075688772,4.0,0.028999999999999998,0.02,0.038,0.625,0.55,0.7,0.26389584337646843,0.2449489742783178,0.282842712474619,1.0,0.1,333.3333333333335,True,0.1,0.9,25.0,10000.0,0.938,0.139
compass.d.h+.case5.1413,1 - 1 - 2103,301.03984399999996,2.8660254037844384,1.7320508075688772,4.0,0.028999999999999998,0.02,0.038,0.625,0.55,0.7,0.29953523924572845,0.282842712474619,0.31622776601683794,1.0,0.1,333.3333333333335,True,0.1,0.9,25.0,10000.0,0.938,0.139
compass.d.h+.case5.1414,1 - 1 - 2103,301.03984399999996,2.8660254037844384,1.7320508075688772,4.0,0.028999999999999998,0.02,0.038,0.625,0.55,0.7,0.3313189637653067,0.31622776601683794,0.34641016151377546,1.0,0.1,333.3333333333337,True,0.1,0.9,25.0,10000.0,0.938,0.139
compass.d.h+.case5.1415,1 - 1 - 2103,301.03984399999996,2.8660254037844384,1.7320508075688772,4.0,0.028999999999999998,0.02,0.038,0.625,0.55,0.7,0.3602879500955848,0.34641016151377546,0.37416573867739417,1.0,0.1,333.33333333333326,True,0.1,0.9,25.0,10000.0,0.938,0.139
compass.d.h+.case5.1416,1 - 1 - 2103,301.03984399999996,2.8660254037844384,1.7320508075688772,4.0,0.028999999999999998,0.02,0.038,0.625,0.55,0.7,0.3932381506195801,0.37416573867739417,0.41231056256176607,1.0,0.1,222.22222222222237,True,0.1,0.9,25.0,10000.0,0.938,0.139
compass.d.h+.case5.1417,1 - 1 - 2103,301.03984399999996,2.8660254037844384,1.7320508075688772,4.0,0.028999999999999998,0.02,0.038,0.625,0.55,0.7,0.429762079030862,0.41231056256176607,0.4472135954999579,1.0,0.1,222.22222222222257,True,0.1,0.9,25.0,10000.0,0.938,0.139
compass.d.h+.case5.1418,1 - 1 - 2103,301.03984399999996,2.8660254037844384,1.7320508075688772,4.0,0.028999999999999998,0.02,0.038,0.625,0.55,0.7,0.46339837391561495,0.4472135954999579,0.47958315233127197,1.0,0.1,222.22222222222217,True,0.1,0.9,25.0,10000.0,0.938,0.139
compass.d.h+.case5.1419,1 - 1 - 2103,301.03984399999996,2.8660254037844384,1.7320508075688772,4.0,0.028999999999999998,0.02,0.038,0.625,0.55,0.7,0.4995991973009676,0.47958315233127197,0.5196152422706632,1.0,0.1,166.66666666666652,True,0.1,0.9,25.0,10000.0,0.938,0.139
compass.d.h+.case5.1420,1 - 1 - 2103,301.03984399999996,2.8660254037844384,1.7320508075688772,4.0,0.028999999999999998,0.02,0.038,0.625,0.55,0.7,0.5336688998879147,0.5196152422706632,0.5477225575051661,1.0,0.1,222.22222222222342,True,0.1,0.9,25.0,10000.0,0.938,0.139
compass.d.h+.case5.1421,1 - 1 - 2103,301.03984399999996,2.8660254037844384,1.7320508075688772,4.0,0.028999999999999998,0.02,0.038,0.625,0.55,0.7,0.5696652679075638,0.5477225575051661,0.5916079783099616,1.0,0.1,133.3333333333333,True,0.1,0.9,25.0,10000.0,0.938,0.139
compass.d.h+.case5.1422,1 - 1 - 2103,301.03984399999996,2.8660254037844384,1.7320508075688772,4.0,0.028999999999999998,0.02,0.038,0.625,0.55,0.7,0.6120317551718187,0.5916079783099616,0.6324555320336759,1.0,0.1,133.3333333333333,True,0.1,0.9,25.0,10000.0,0.938,0.139
compass.d.h+.case5.1423,1 - 1 - 2103,301.03984399999996,2.8660254037844384,1.7320508075688772,4.0,0.028999999999999998,0.02,0.038,0.625,0.55,0.7,0.6553442651731014,0.6324555320336759,0.6782329983125268,1.0,0.1,111.11111111111119,True,0.1,0.9,25.0,10000.0,0.938,0.139
compass.d.h+.case5.1424,1 - 1 - 2103,301.03984399999996,2.8660254037844384,1.7320508075688772,4.0,0.028999999999999998,0.02,0.038,0.625,0.55,0.7,0.6996716267026624,0.6782329983125268,0.7211102550927979,1.0,0.1,111.11111111111097,True,0.1,0.9,25.0,10000.0,0.938,0.139
compass.d.h+.case5.1425,1 - 1 - 2103,301.03984399999996,2.8660254037844384,1.7320508075688772,4.0,0.028999999999999998,0.02,0.038,0.625,0.55,0.7,0.7478534621671407,0.7211102550927979,0.7745966692414834,1.0,0.1,83.33333333333343,True,0.1,0.9,25.0,10000.0,0.938,0.139
compass.d.h+.case5.1426,1 - 1 - 2103,301.03984399999996,2.8660254037844384,1.7320508075688772,4.0,0.028999999999999998,0.02,0.038,0.625,0.55,0.7,0.7996088971825077,0.7745966692414834,0.8246211251235321,1.0,0.1,83.33333333333343,True,0.1,0.9,25.0,10000.0,0.938,0.139
compass.d.h+.case5.1427,1 - 1 - 2103,301.03984399999996,2.8660254037844384,1.7320508075688772,4.0,0.028999999999999998,0.02,0.038,0.625,0.55,0.7,0.8482004569158335,0.8246211251235321,0.8717797887081347,1.0,0.1,83.33333333333354,True,0.1,0.9,25.0,10000.0,0.938,0.139
compass.d.h+.case5.1428,1 - 1 - 2103,301.03984399999996,2.8660254037844384,1.7320508075688772,4.0,0.028999999999999998,0.02,0.038,0.625,0.55,0.7,0.902258847008508,0.8717797887081347,0.9327379053088815,1.0,0.1,60.606060606060645,True,0.1,0.9,25.0,10000.0,0.938,0.139
compass.d.h+.case5.1429,1 - 1 - 2103,301.03984399999996,2.8660254037844384,1.7320508075688772,4.0,0.028999999999999998,0.02,0.038,0.625,0.55,0.7,0.9663689526544408,0.9327379053088815,1.0,1.0,0.1,51.28205128205126,True,0.1,0.9,25.0,10000.0,0.938,0.139
compass.d.h+.case5.1430,1 - 1 - 2103,301.03984399999996,2.8660254037844384,1.7320508075688772,4.0,0.028999999999999998,0.02,0.038,0.625,0.55,0.7,1.029150262212918,1.0,1.0583005244258363,1.0,0.1,55.55555555555554,True,0.1,0.9,25.0,10000.0,0.938,0.139
compass.d.h+.case5.1431,1 - 1 - 2103,301.03984399999996,2.8660254037844384,1.7320508075688772,4.0,0.028999999999999998,0.02,0.038,0.625,0.55,0.7,1.0859266984959204,1.0583005244258363,1.1135528725660044,1.0,0.1,55.55555555555554,True,0.1,0.9,25.0,10000.0,0.938,0.139
compass.d.h+.case5.1432,1 - 1 - 2103,301.03984399999996,2.8660254037844384,1.7320508075688772,4.0,0.028999999999999998,0.02,0.038,0.625,0.55,0.7,1.1441434425065387,1.1135528725660044,1.174734012447073,1.0,0.1,47.61904761904768,True,0.1,0.9,25.0,10000.0,0.938,0.139
compass.d.h+.case5.1433,1 - 1 - 2103,301.03984399999996,2.8660254037844384,1.7320508075688772,4.0,0.028999999999999998,0.02,0.038,0.625,0.55,0.7,1.2038084065204342,1.174734012447073,1.2328828005937953,1.0,0.1,47.61904761904768,True,0.1,0.9,25.0,10000.0,0.938,0.139
compass.d.h+.case5.1434,1 - 1 - 2103,301.03984399999996,2.8660254037844384,1.7320508075688772,4.0,0.028999999999999998,0.02,0.038,0.625,0.55,0.7,1.2645154701376837,1.2328828005937953,1.296148139681572,1.0,0.1,41.66666666666677,True,0.1,0.9,25.0,10000.0,0.938,0.139
compass.d.h+.case5.1435,1 - 1 - 2103,301.03984399999996,2.8660254037844384,1.7320508075688772,4.0,0.028999999999999998,0.02,0.038,0.625,0.55,0.7,1.328147595277558,1.296148139681572,1.3601470508735443,1.0,0.1,39.21568627450979,True,0.1,0.9,25.0,10000.0,0.938,0.139
compass.d.h+.case5.1436,1 - 1 - 2103,301.03984399999996,2.8660254037844384,1.7320508075688772,4.0,0.028999999999999998,0.02,0.038,0.625,0.55,0.7,1.3959645786005899,1.3601470508735443,1.4317821063276353,1.0,0.1,33.33333333333336,True,0.1,0.9,25.0,10000.0,0.938,0.139
compass.d.h+.case5.1437,1 - 1 - 2103,301.03984399999996,2.8660254037844384,1.7320508075688772,4.0,0.028999999999999998,0.02,0.038,0.625,0.55,0.7,1.4823765390016121,1.4317821063276353,1.5329709716755893,1.0,0.1,22.222222222222214,True,0.1,0.9,25.0,10000.0,0.938,0.139
compass.d.h+.case5.1438,1 - 1 - 2103,301.03984399999996,2.8660254037844384,1.7320508075688772,4.0,0.028999999999999998,0.02,0.038,0.625,0.55,0.7,1.58042651564278,1.5329709716755893,1.6278820596099706,1.0,0.1,22.22222222222225,True,0.1,0.9,25.0,10000.0,0.938,0.139
compass.d.h+.case5.1439,1 - 1 - 2103,301.03984399999996,2.8660254037844384,1.7320508075688772,4.0,0.028999999999999998,0.02,0.038,0.625,0.55,0.7,1.6799664335894238,1.6278820596099706,1.7320508075688772,1.0,0.1,19.047619047619076,True,0.1,0.9,25.0,10000.0,0.938,0.139
compass.d.h+.case5.1440,1 - 1 - 2103,301.03984399999996,2.8660254037844384,1.7320508075688772,4.0,0.028999999999999998,0.02,0.038,0.7749999999999999,0.7,0.85,0.17071067811865476,0.1414213562373095,0.2,1.0,0.1,333.33333333333314,True,0.1,0.9,25.0,10000.0,0.938,0.139
compass.d.h+.case5.1441,1 - 1 - 2103,301.03984399999996,2.8660254037844384,1.7320508075688772,4.0,0.028999999999999998,0.02,0.038,0.7749999999999999,0.7,0.85,0.2224744871391589,0.2,0.2449489742783178,1.0,0.1,333.3333333333335,True,0.1,0.9,25.0,10000.0,0.938,0.139
compass.d.h+.case5.1442,1 - 1 - 2103,301.03984399999996,2.8660254037844384,1.7320508075688772,4.0,0.028999999999999998,0.02,0.038,0.7749999999999999,0.7,0.85,0.26389584337646843,0.2449489742783178,0.282842712474619,1.0,0.1,333.33333333333326,True,0.1,0.9,25.0,10000.0,0.938,0.139
compass.d.h+.case5.1443,1 - 1 - 2103,301.03984399999996,2.8660254037844384,1.7320508075688772,4.0,0.028999999999999998,0.02,0.038,0.7749999999999999,0.7,0.85,0.29953523924572845,0.282842712474619,0.31622776601683794,1.0,0.1,333.33333333333326,True,0.1,0.9,25.0,10000.0,0.938,0.139
compass.d.h+.case5.1444,1 - 1 - 2103,301.03984399999996,2.8660254037844384,1.7320508075688772,4.0,0.028999999999999998,0.02,0.038,0.7749999999999999,0.7,0.85,0.3313189637653067,0.31622776601683794,0.34641016151377546,1.0,0.1,333.3333333333335,True,0.1,0.9,25.0,10000.0,0.938,0.139
compass.d.h+.case5.1445,1 - 1 - 2103,301.03984399999996,2.8660254037844384,1.7320508075688772,4.0,0.028999999999999998,0.02,0.038,0.7749999999999999,0.7,0.85,0.3602879500955848,0.34641016151377546,0.37416573867739417,1.0,0.1,333.333333333333,True,0.1,0.9,25.0,10000.0,0.938,0.139
compass.d.h+.case5.1446,1 - 1 - 2103,301.03984399999996,2.8660254037844384,1.7320508075688772,4.0,0.028999999999999998,0.02,0.038,0.7749999999999999,0.7,0.85,0.3932381506195801,0.37416573867739417,0.41231056256176607,1.0,0.1,222.2222222222222,True,0.1,0.9,25.0,10000.0,0.938,0.139
compass.d.h+.case5.1447,1 - 1 - 2103,301.03984399999996,2.8660254037844384,1.7320508075688772,4.0,0.028999999999999998,0.02,0.038,0.7749999999999999,0.7,0.85,0.429762079030862,0.41231056256176607,0.4472135954999579,1.0,0.1,222.2222222222224,True,0.1,0.9,25.0,10000.0,0.938,0.139
compass.d.h+.case5.1448,1 - 1 - 2103,301.03984399999996,2.8660254037844384,1.7320508075688772,4.0,0.028999999999999998,0.02,0.038,0.7749999999999999,0.7,0.85,0.46339837391561495,0.4472135954999579,0.47958315233127197,1.0,0.1,222.22222222222203,True,0.1,0.9,25.0,10000.0,0.938,0.139
compass.d.h+.case5.1449,1 - 1 - 2103,301.03984399999996,2.8660254037844384,1.7320508075688772,4.0,0.028999999999999998,0.02,0.038,0.7749999999999999,0.7,0.85,0.4995991973009676,0.47958315233127197,0.5196152422706632,1.0,0.1,166.66666666666637,True,0.1,0.9,25.0,10000.0,0.938,0.139
compass.d.h+.case5.1450,1 - 1 - 2103,301.03984399999996,2.8660254037844384,1.7320508075688772,4.0,0.028999999999999998,0.02,0.038,0.7749999999999999,0.7,0.85,0.5336688998879147,0.5196152422706632,0.5477225575051661,1.0,0.1,222.22222222222325,True,0.1,0.9,25.0,10000.0,0.938,0.139
compass.d.h+.case5.1451,1 - 1 - 2103,301.03984399999996,2.8660254037844384,1.7320508075688772,4.0,0.028999999999999998,0.02,0.038,0.7749999999999999,0.7,0.85,0.5696652679075638,0.5477225575051661,0.5916079783099616,1.0,0.1,133.3333333333332,True,0.1,0.9,25.0,10000.0,0.938,0.139
compass.d.h+.case5.1452,1 - 1 - 2103,301.03984399999996,2.8660254037844384,1.7320508075688772,4.0,0.028999999999999998,0.02,0.038,0.7749999999999999,0.7,0.85,0.6120317551718187,0.5916079783099616,0.6324555320336759,1.0,0.1,133.3333333333332,True,0.1,0.9,25.0,10000.0,0.938,0.139
compass.d.h+.case5.1453,1 - 1 - 2103,301.03984399999996,2.8660254037844384,1.7320508075688772,4.0,0.028999999999999998,0.02,0.038,0.7749999999999999,0.7,0.85,0.6553442651731014,0.6324555320336759,0.6782329983125268,1.0,0.1,111.1111111111111,True,0.1,0.9,25.0,10000.0,0.938,0.139
compass.d.h+.case5.1454,1 - 1 - 2103,301.03984399999996,2.8660254037844384,1.7320508075688772,4.0,0.028999999999999998,0.02,0.038,0.7749999999999999,0.7,0.85,0.6996716267026624,0.6782329983125268,0.7211102550927979,1.0,0.1,111.11111111111089,True,0.1,0.9,25.0,10000.0,0.938,0.139
compass.d.h+.case5.1455,1 - 1 - 2103,301.03984399999996,2.8660254037844384,1.7320508075688772,4.0,0.028999999999999998,0.02,0.038,0.7749999999999999,0.7,0.85,0.7478534621671407,0.7211102550927979,0.7745966692414834,1.0,0.1,83.33333333333337,True,0.1,0.9,25.0,10000.0,0.938,0.139
compass.d.h+.case5.1456,1 - 1 - 2103,301.03984399999996,2.8660254037844384,1.7320508075688772,4.0,0.028999999999999998,0.02,0.038,0.7749999999999999,0.7,0.85,0.7996088971825077,0.7745966692414834,0.8246211251235321,1.0,0.1,83.33333333333337,True,0.1,0.9,25.0,10000.0,0.938,0.139
compass.d.h+.case5.1457,1 - 1 - 2103,301.03984399999996,2.8660254037844384,1.7320508075688772,4.0,0.028999999999999998,0.02,0.038,0.7749999999999999,0.7,0.85,0.8482004569158335,0.8246211251235321,0.8717797887081347,1.0,0.1,83.33333333333347,True,0.1,0.9,25.0,10000.0,0.938,0.139
compass.d.h+.case5.1458,1 - 1 - 2103,301.03984399999996,2.8660254037844384,1.7320508075688772,4.0,0.028999999999999998,0.02,0.038,0.7749999999999999,0.7,0.85,0.902258847008508,0.8717797887081347,0.9327379053088815,1.0,0.1,60.6060606060606,True,0.1,0.9,25.0,10000.0,0.938,0.139
compass.d.h+.case5.1459,1 - 1 - 2103,301.03984399999996,2.8660254037844384,1.7320508075688772,4.0,0.028999999999999998,0.02,0.038,0.7749999999999999,0.7,0.85,0.9663689526544408,0.9327379053088815,1.0,1.0,0.1,51.28205128205123,True,0.1,0.9,25.0,10000.0,0.938,0.139
compass.d.h+.case5.1460,1 - 1 - 2103,301.03984399999996,2.8660254037844384,1.7320508075688772,4.0,0.028999999999999998,0.02,0.038,0.7749999999999999,0.7,0.85,1.029150262212918,1.0,1.0583005244258363,1.0,0.1,55.55555555555551,True,0.1,0.9,25.0,10000.0,0.938,0.139
compass.d.h+.case5.1461,1 - 1 - 2103,301.03984399999996,2.8660254037844384,1.7320508075688772,4.0,0.028999999999999998,0.02,0.038,0.7749999999999999,0.7,0.85,1.0859266984959204,1.0583005244258363,1.1135528725660044,1.0,0.1,55.55555555555551,True,0.1,0.9,25.0,10000.0,0.938,0.139
compass.d.h+.case5.1462,1 - 1 - 2103,301.03984399999996,2.8660254037844384,1.7320508075688772,4.0,0.028999999999999998,0.02,0.038,0.7749999999999999,0.7,0.85,1.1441434425065387,1.1135528725660044,1.174734012447073,1.0,0.1,47.61904761904764,True,0.1,0.9,25.0,10000.0,0.938,0.139
compass.d.h+.case5.1463,1 - 1 - 2103,301.03984399999996,2.8660254037844384,1.7320508075688772,4.0,0.028999999999999998,0.02,0.038,0.7749999999999999,0.7,0.85,1.2038084065204342,1.174734012447073,1.2328828005937953,1.0,0.1,47.61904761904764,True,0.1,0.9,25.0,10000.0,0.938,0.139
compass.d.h+.case5.1464,1 - 1 - 2103,301.03984399999996,2.8660254037844384,1.7320508075688772,4.0,0.028999999999999998,0.02,0.038,0.7749999999999999,0.7,0.85,1.2645154701376837,1.2328828005937953,1.296148139681572,1.0,0.1,41.666666666666735,True,0.1,0.9,25.0,10000.0,0.938,0.139
compass.d.h+.case5.1465,1 - 1 - 2103,301.03984399999996,2.8660254037844384,1.7320508075688772,4.0,0.028999999999999998,0.02,0.038,0.7749999999999999,0.7,0.85,1.328147595277558,1.296148139681572,1.3601470508735443,1.0,0.1,39.215686274509764,True,0.1,0.9,25.0,10000.0,0.938,0.139
compass.d.h+.case5.1466,1 - 1 - 2103,301.03984399999996,2.8660254037844384,1.7320508075688772,4.0,0.028999999999999998,0.02,0.038,0.7749999999999999,0.7,0.85,1.3959645786005899,1.3601470508735443,1.4317821063276353,1.0,0.1,33.333333333333336,True,0.1,0.9,25.0,10000.0,0.938,0.139
compass.d.h+.case5.1467,1 - 1 - 2103,301.03984399999996,2.8660254037844384,1.7320508075688772,4.0,0.028999999999999998,0.02,0.038,0.7749999999999999,0.7,0.85,1.4823765390016121,1.4317821063276353,1.5329709716755893,1.0,0.1,22.2222222222222,True,0.1,0.9,25.0,10000.0,0.938,0.139
compass.d.h+.case5.1468,1 - 1 - 2103,301.03984399999996,2.8660254037844384,1.7320508075688772,4.0,0.028999999999999998,0.02,0.038,0.7749999999999999,0.7,0.85,1.58042651564278,1.5329709716755893,1.6278820596099706,1.0,0.1,22.222222222222232,True,0.1,0.9,25.0,10000.0,0.938,0.139
compass.d.h+.case5.1469,1 - 1 - 2103,301.03984399999996,2.8660254037844384,1.7320508075688772,4.0,0.028999999999999998,0.02,0.038,0.7749999999999999,0.7,0.85,1.6799664335894238,1.6278820596099706,1.7320508075688772,1.0,0.1,19.04761904761906,True,0.1,0.9,25.0,10000.0,0.938,0.139
compass.d.h+.case5.1470,1 - 1 - 2103,301.03984399999996,2.8660254037844384,1.7320508075688772,4.0,0.084,0.038,0.13,0.15000000000000002,0.1,0.2,0.17071067811865476,0.1414213562373095,0.2,1.0,0.1,499.9999999999998,True,0.1,0.9,25.0,10000.0,0.938,0.139
compass.d.h+.case5.1471,1 - 1 - 2103,301.03984399999996,2.8660254037844384,1.7320508075688772,4.0,0.084,0.038,0.13,0.15000000000000002,0.1,0.2,0.2224744871391589,0.2,0.2449489742783178,1.0,0.1,500.0000000000003,True,0.1,0.9,25.0,10000.0,0.938,0.139
compass.d.h+.case5.1472,1 - 1 - 2103,301.03984399999996,2.8660254037844384,1.7320508075688772,4.0,0.084,0.038,0.13,0.15000000000000002,0.1,0.2,0.26389584337646843,0.2449489742783178,0.282842712474619,1.0,0.1,499.9999999999999,True,0.1,0.9,25.0,10000.0,0.938,0.139
compass.d.h+.case5.1473,1 - 1 - 2103,301.03984399999996,2.8660254037844384,1.7320508075688772,4.0,0.084,0.038,0.13,0.15000000000000002,0.1,0.2,0.29953523924572845,0.282842712474619,0.31622776601683794,1.0,0.1,499.9999999999999,True,0.1,0.9,25.0,10000.0,0.938,0.139
compass.d.h+.case5.1474,1 - 1 - 2103,301.03984399999996,2.8660254037844384,1.7320508075688772,4.0,0.084,0.038,0.13,0.15000000000000002,0.1,0.2,0.3313189637653067,0.31622776601683794,0.34641016151377546,1.0,0.1,500.0000000000003,True,0.1,0.9,25.0,10000.0,0.938,0.139
compass.d.h+.case5.1475,1 - 1 - 2103,301.03984399999996,2.8660254037844384,1.7320508075688772,4.0,0.084,0.038,0.13,0.15000000000000002,0.1,0.2,0.3602879500955848,0.34641016151377546,0.37416573867739417,1.0,0.1,499.99999999999955,True,0.1,0.9,25.0,10000.0,0.938,0.139
compass.d.h+.case5.1476,1 - 1 - 2103,301.03984399999996,2.8660254037844384,1.7320508075688772,4.0,0.084,0.038,0.13,0.15000000000000002,0.1,0.2,0.3932381506195801,0.37416573867739417,0.41231056256176607,1.0,0.1,333.3333333333333,True,0.1,0.9,25.0,10000.0,0.938,0.139
compass.d.h+.case5.1477,1 - 1 - 2103,301.03984399999996,2.8660254037844384,1.7320508075688772,4.0,0.084,0.038,0.13,0.15000000000000002,0.1,0.2,0.429762079030862,0.41231056256176607,0.4472135954999579,1.0,0.1,333.3333333333336,True,0.1,0.9,25.0,10000.0,0.938,0.139
compass.d.h+.case5.1478,1 - 1 - 2103,301.03984399999996,2.8660254037844384,1.7320508075688772,4.0,0.084,0.038,0.13,0.15000000000000002,0.1,0.2,0.46339837391561495,0.4472135954999579,0.47958315233127197,1.0,0.1,333.33333333333303,True,0.1,0.9,25.0,10000.0,0.938,0.139
compass.d.h+.case5.1479,1 - 1 - 2103,301.03984399999996,2.8660254037844384,1.7320508075688772,4.0,0.084,0.038,0.13,0.15000000000000002,0.1,0.2,0.4995991973009676,0.47958315233127197,0.5196152422706632,1.0,0.1,249.9999999999996,True,0.1,0.9,25.0,10000.0,0.938,0.139
compass.d.h+.case5.1480,1 - 1 - 2103,301.03984399999996,2.8660254037844384,1.7320508075688772,4.0,0.084,0.038,0.13,0.15000000000000002,0.1,0.2,0.5336688998879147,0.5196152422706632,0.5477225575051661,1.0,0.1,333.3333333333349,True,0.1,0.9,25.0,10000.0,0.938,0.139
compass.d.h+.case5.1481,1 - 1 - 2103,301.03984399999996,2.8660254037844384,1.7320508075688772,4.0,0.084,0.038,0.13,0.15000000000000002,0.1,0.2,0.5696652679075638,0.5477225575051661,0.5916079783099616,1.0,0.1,199.9999999999998,True,0.1,0.9,25.0,10000.0,0.938,0.139
compass.d.h+.case5.1482,1 - 1 - 2103,301.03984399999996,2.8660254037844384,1.7320508075688772,4.0,0.084,0.038,0.13,0.15000000000000002,0.1,0.2,0.6120317551718187,0.5916079783099616,0.6324555320336759,1.0,0.1,199.9999999999998,True,0.1,0.9,25.0,10000.0,0.938,0.139
compass.d.h+.case5.1483,1 - 1 - 2103,301.03984399999996,2.8660254037844384,1.7320508075688772,4.0,0.084,0.038,0.13,0.15000000000000002,0.1,0.2,0.6553442651731014,0.6324555320336759,0.6782329983125268,1.0,0.1,166.66666666666666,True,0.1,0.9,25.0,10000.0,0.938,0.139
compass.d.h+.case5.1484,1 - 1 - 2103,301.03984399999996,2.8660254037844384,1.7320508075688772,4.0,0.084,0.038,0.13,0.15000000000000002,0.1,0.2,0.6996716267026624,0.6782329983125268,0.7211102550927979,1.0,0.1,166.66666666666634,True,0.1,0.9,25.0,10000.0,0.938,0.139
compass.d.h+.case5.1485,1 - 1 - 2103,301.03984399999996,2.8660254037844384,1.7320508075688772,4.0,0.084,0.038,0.13,0.15000000000000002,0.1,0.2,0.7478534621671407,0.7211102550927979,0.7745966692414834,1.0,0.1,125.00000000000007,True,0.1,0.9,25.0,10000.0,0.938,0.139
compass.d.h+.case5.1486,1 - 1 - 2103,301.03984399999996,2.8660254037844384,1.7320508075688772,4.0,0.084,0.038,0.13,0.15000000000000002,0.1,0.2,0.7996088971825077,0.7745966692414834,0.8246211251235321,1.0,0.1,125.00000000000007,True,0.1,0.9,25.0,10000.0,0.938,0.139
compass.d.h+.case5.1487,1 - 1 - 2103,301.03984399999996,2.8660254037844384,1.7320508075688772,4.0,0.084,0.038,0.13,0.15000000000000002,0.1,0.2,0.8482004569158335,0.8246211251235321,0.8717797887081347,1.0,0.1,125.00000000000023,True,0.1,0.9,25.0,10000.0,0.938,0.139
compass.d.h+.case5.1488,1 - 1 - 2103,301.03984399999996,2.8660254037844384,1.7320508075688772,4.0,0.084,0.038,0.13,0.15000000000000002,0.1,0.2,0.902258847008508,0.8717797887081347,0.9327379053088815,1.0,0.1,90.9090909090909,True,0.1,0.9,25.0,10000.0,0.938,0.139
compass.d.h+.case5.1489,1 - 1 - 2103,301.03984399999996,2.8660254037844384,1.7320508075688772,4.0,0.084,0.038,0.13,0.15000000000000002,0.1,0.2,0.9663689526544408,0.9327379053088815,1.0,1.0,0.1,76.92307692307685,True,0.1,0.9,25.0,10000.0,0.938,0.139
compass.d.h+.case5.1490,1 - 1 - 2103,301.03984399999996,2.8660254037844384,1.7320508075688772,4.0,0.084,0.038,0.13,0.15000000000000002,0.1,0.2,1.029150262212918,1.0,1.0583005244258363,1.0,0.1,83.33333333333326,True,0.1,0.9,25.0,10000.0,0.938,0.139
compass.d.h+.case5.1491,1 - 1 - 2103,301.03984399999996,2.8660254037844384,1.7320508075688772,4.0,0.084,0.038,0.13,0.15000000000000002,0.1,0.2,1.0859266984959204,1.0583005244258363,1.1135528725660044,1.0,0.1,83.33333333333326,True,0.1,0.9,25.0,10000.0,0.938,0.139
compass.d.h+.case5.1492,1 - 1 - 2103,301.03984399999996,2.8660254037844384,1.7320508075688772,4.0,0.084,0.038,0.13,0.15000000000000002,0.1,0.2,1.1441434425065387,1.1135528725660044,1.174734012447073,1.0,0.1,71.42857142857147,True,0.1,0.9,25.0,10000.0,0.938,0.139
compass.d.h+.case5.1493,1 - 1 - 2103,301.03984399999996,2.8660254037844384,1.7320508075688772,4.0,0.084,0.038,0.13,0.15000000000000002,0.1,0.2,1.2038084065204342,1.174734012447073,1.2328828005937953,1.0,0.1,71.42857142857147,True,0.1,0.9,25.0,10000.0,0.938,0.139
compass.d.h+.case5.1494,1 - 1 - 2103,301.03984399999996,2.8660254037844384,1.7320508075688772,4.0,0.084,0.038,0.13,0.15000000000000002,0.1,0.2,1.2645154701376837,1.2328828005937953,1.296148139681572,1.0,0.1,62.500000000000114,True,0.1,0.9,25.0,10000.0,0.938,0.139
compass.d.h+.case5.1495,1 - 1 - 2103,301.03984399999996,2.8660254037844384,1.7320508075688772,4.0,0.084,0.038,0.13,0.15000000000000002,0.1,0.2,1.328147595277558,1.296148139681572,1.3601470508735443,1.0,0.1,58.82352941176465,True,0.1,0.9,25.0,10000.0,0.938,0.139
compass.d.h+.case5.1496,1 - 1 - 2103,301.03984399999996,2.8660254037844384,1.7320508075688772,4.0,0.084,0.038,0.13,0.15000000000000002,0.1,0.2,1.3959645786005899,1.3601470508735443,1.4317821063276353,1.0,0.1,50.00000000000001,True,0.1,0.9,25.0,10000.0,0.938,0.139
compass.d.h+.case5.1497,1 - 1 - 2103,301.03984399999996,2.8660254037844384,1.7320508075688772,4.0,0.084,0.038,0.13,0.15000000000000002,0.1,0.2,1.4823765390016121,1.4317821063276353,1.5329709716755893,1.0,0.1,33.3333333333333,True,0.1,0.9,25.0,10000.0,0.938,0.139
compass.d.h+.case5.1498,1 - 1 - 2103,301.03984399999996,2.8660254037844384,1.7320508075688772,4.0,0.084,0.038,0.13,0.15000000000000002,0.1,0.2,1.58042651564278,1.5329709716755893,1.6278820596099706,1.0,0.1,33.33333333333335,True,0.1,0.9,25.0,10000.0,0.938,0.139
compass.d.h+.case5.1499,1 - 1 - 2103,301.03984399999996,2.8660254037844384,1.7320508075688772,4.0,0.084,0.038,0.13,0.15000000000000002,0.1,0.2,1.6799664335894238,1.6278820596099706,1.7320508075688772,1.0,0.1,28.571428571428598,True,0.1,0.9,25.0,10000.0,0.938,0.139
compass.d.h+.case5.1500,1 - 1 - 2103,301.03984399999996,2.8660254037844384,1.7320508075688772,4.0,0.084,0.038,0.13,0.225,0.2,0.25,0.17071067811865476,0.1414213562373095,0.2,1.0,0.1,999.9999999999998,True,0.1,0.9,25.0,10000.0,0.938,0.139
compass.d.h+.case5.1501,1 - 1 - 2103,301.03984399999996,2.8660254037844384,1.7320508075688772,4.0,0.084,0.038,0.13,0.225,0.2,0.25,0.2224744871391589,0.2,0.2449489742783178,1.0,0.1,1000.0000000000008,True,0.1,0.9,25.0,10000.0,0.938,0.139
compass.d.h+.case5.1502,1 - 1 - 2103,301.03984399999996,2.8660254037844384,1.7320508075688772,4.0,0.084,0.038,0.13,0.225,0.2,0.25,0.26389584337646843,0.2449489742783178,0.282842712474619,1.0,0.1,1000.0000000000001,True,0.1,0.9,25.0,10000.0,0.938,0.139
compass.d.h+.case5.1503,1 - 1 - 2103,301.03984399999996,2.8660254037844384,1.7320508075688772,4.0,0.084,0.038,0.13,0.225,0.2,0.25,0.29953523924572845,0.282842712474619,0.31622776601683794,1.0,0.1,1000.0000000000001,True,0.1,0.9,25.0,10000.0,0.938,0.139
compass.d.h+.case5.1504,1 - 1 - 2103,301.03984399999996,2.8660254037844384,1.7320508075688772,4.0,0.084,0.038,0.13,0.225,0.2,0.25,0.3313189637653067,0.31622776601683794,0.34641016151377546,1.0,0.1,1000.0000000000008,True,0.1,0.9,25.0,10000.0,0.938,0.139
compass.d.h+.case5.1505,1 - 1 - 2103,301.03984399999996,2.8660254037844384,1.7320508075688772,4.0,0.084,0.038,0.13,0.225,0.2,0.25,0.3602879500955848,0.34641016151377546,0.37416573867739417,1.0,0.1,999.9999999999993,True,0.1,0.9,25.0,10000.0,0.938,0.139
compass.d.h+.case5.1506,1 - 1 - 2103,301.03984399999996,2.8660254037844384,1.7320508075688772,4.0,0.084,0.038,0.13,0.225,0.2,0.25,0.3932381506195801,0.37416573867739417,0.41231056256176607,1.0,0.1,666.6666666666669,True,0.1,0.9,25.0,10000.0,0.938,0.139
compass.d.h+.case5.1507,1 - 1 - 2103,301.03984399999996,2.8660254037844384,1.7320508075688772,4.0,0.084,0.038,0.13,0.225,0.2,0.25,0.429762079030862,0.41231056256176607,0.4472135954999579,1.0,0.1,666.6666666666674,True,0.1,0.9,25.0,10000.0,0.938,0.139
compass.d.h+.case5.1508,1 - 1 - 2103,301.03984399999996,2.8660254037844384,1.7320508075688772,4.0,0.084,0.038,0.13,0.225,0.2,0.25,0.46339837391561495,0.4472135954999579,0.47958315233127197,1.0,0.1,666.6666666666663,True,0.1,0.9,25.0,10000.0,0.938,0.139
compass.d.h+.case5.1509,1 - 1 - 2103,301.03984399999996,2.8660254037844384,1.7320508075688772,4.0,0.084,0.038,0.13,0.225,0.2,0.25,0.4995991973009676,0.47958315233127197,0.5196152422706632,1.0,0.1,499.9999999999993,True,0.1,0.9,25.0,10000.0,0.938,0.139
compass.d.h+.case5.1510,1 - 1 - 2103,301.03984399999996,2.8660254037844384,1.7320508075688772,4.0,0.084,0.038,0.13,0.225,0.2,0.25,0.5336688998879147,0.5196152422706632,0.5477225575051661,1.0,0.1,666.66666666667,True,0.1,0.9,25.0,10000.0,0.938,0.139
compass.d.h+.case5.1511,1 - 1 - 2103,301.03984399999996,2.8660254037844384,1.7320508075688772,4.0,0.084,0.038,0.13,0.225,0.2,0.25,0.5696652679075638,0.5477225575051661,0.5916079783099616,1.0,0.1,399.9999999999997,True,0.1,0.9,25.0,10000.0,0.938,0.139
compass.d.h+.case5.1512,1 - 1 - 2103,301.03984399999996,2.8660254037844384,1.7320508075688772,4.0,0.084,0.038,0.13,0.225,0.2,0.25,0.6120317551718187,0.5916079783099616,0.6324555320336759,1.0,0.1,399.9999999999997,True,0.1,0.9,25.0,10000.0,0.938,0.139
compass.d.h+.case5.1513,1 - 1 - 2103,301.03984399999996,2.8660254037844384,1.7320508075688772,4.0,0.084,0.038,0.13,0.225,0.2,0.25,0.6553442651731014,0.6324555320336759,0.6782329983125268,1.0,0.1,333.3333333333334,True,0.1,0.9,25.0,10000.0,0.938,0.139
compass.d.h+.case5.1514,1 - 1 - 2103,301.03984399999996,2.8660254037844384,1.7320508075688772,4.0,0.084,0.038,0.13,0.225,0.2,0.25,0.6996716267026624,0.6782329983125268,0.7211102550927979,1.0,0.1,333.3333333333328,True,0.1,0.9,25.0,10000.0,0.938,0.139
compass.d.h+.case5.1515,1 - 1 - 2103,301.03984399999996,2.8660254037844384,1.7320508075688772,4.0,0.084,0.038,0.13,0.225,0.2,0.25,0.7478534621671407,0.7211102550927979,0.7745966692414834,1.0,0.1,250.0000000000002,True,0.1,0.9,25.0,10000.0,0.938,0.139
compass.d.h+.case5.1516,1 - 1 - 2103,301.03984399999996,2.8660254037844384,1.7320508075688772,4.0,0.084,0.038,0.13,0.225,0.2,0.25,0.7996088971825077,0.7745966692414834,0.8246211251235321,1.0,0.1,250.0000000000002,True,0.1,0.9,25.0,10000.0,0.938,0.139
compass.d.h+.case5.1517,1 - 1 - 2103,301.03984399999996,2.8660254037844384,1.7320508075688772,4.0,0.084,0.038,0.13,0.225,0.2,0.25,0.8482004569158335,0.8246211251235321,0.8717797887081347,1.0,0.1,250.0000000000005,True,0.1,0.9,25.0,10000.0,0.938,0.139
compass.d.h+.case5.1518,1 - 1 - 2103,301.03984399999996,2.8660254037844384,1.7320508075688772,4.0,0.084,0.038,0.13,0.225,0.2,0.25,0.902258847008508,0.8717797887081347,0.9327379053088815,1.0,0.1,181.81818181818187,True,0.1,0.9,25.0,10000.0,0.938,0.139
compass.d.h+.case5.1519,1 - 1 - 2103,301.03984399999996,2.8660254037844384,1.7320508075688772,4.0,0.084,0.038,0.13,0.225,0.2,0.25,0.9663689526544408,0.9327379053088815,1.0,1.0,0.1,153.84615384615375,True,0.1,0.9,25.0,10000.0,0.938,0.139
compass.d.h+.case5.1520,1 - 1 - 2103,301.03984399999996,2.8660254037844384,1.7320508075688772,4.0,0.084,0.038,0.13,0.225,0.2,0.25,1.029150262212918,1.0,1.0583005244258363,1.0,0.1,166.66666666666657,True,0.1,0.9,25.0,10000.0,0.938,0.139
compass.d.h+.case5.1521,1 - 1 - 2103,301.03984399999996,2.8660254037844384,1.7320508075688772,4.0,0.084,0.038,0.13,0.225,0.2,0.25,1.0859266984959204,1.0583005244258363,1.1135528725660044,1.0,0.1,166.66666666666657,True,0.1,0.9,25.0,10000.0,0.938,0.139
compass.d.h+.case5.1522,1 - 1 - 2103,301.03984399999996,2.8660254037844384,1.7320508075688772,4.0,0.084,0.038,0.13,0.225,0.2,0.25,1.1441434425065387,1.1135528725660044,1.174734012447073,1.0,0.1,142.85714285714297,True,0.1,0.9,25.0,10000.0,0.938,0.139
compass.d.h+.case5.1523,1 - 1 - 2103,301.03984399999996,2.8660254037844384,1.7320508075688772,4.0,0.084,0.038,0.13,0.225,0.2,0.25,1.2038084065204342,1.174734012447073,1.2328828005937953,1.0,0.1,142.85714285714297,True,0.1,0.9,25.0,10000.0,0.938,0.139
compass.d.h+.case5.1524,1 - 1 - 2103,301.03984399999996,2.8660254037844384,1.7320508075688772,4.0,0.084,0.038,0.13,0.225,0.2,0.25,1.2645154701376837,1.2328828005937953,1.296148139681572,1.0,0.1,125.00000000000026,True,0.1,0.9,25.0,10000.0,0.938,0.139
compass.d.h+.case5.1525,1 - 1 - 2103,301.03984399999996,2.8660254037844384,1.7320508075688772,4.0,0.084,0.038,0.13,0.225,0.2,0.25,1.328147595277558,1.296148139681572,1.3601470508735443,1.0,0.1,117.64705882352933,True,0.1,0.9,25.0,10000.0,0.938,0.139
compass.d.h+.case5.1526,1 - 1 - 2103,301.03984399999996,2.8660254037844384,1.7320508075688772,4.0,0.084,0.038,0.13,0.225,0.2,0.25,1.3959645786005899,1.3601470508735443,1.4317821063276353,1.0,0.1,100.00000000000004,True,0.1,0.9,25.0,10000.0,0.938,0.139
compass.d.h+.case5.1527,1 - 1 - 2103,301.03984399999996,2.8660254037844384,1.7320508075688772,4.0,0.084,0.038,0.13,0.225,0.2,0.25,1.4823765390016121,1.4317821063276353,1.5329709716755893,1.0,0.1,66.66666666666663,True,0.1,0.9,25.0,10000.0,0.938,0.139
compass.d.h+.case5.1528,1 - 1 - 2103,301.03984399999996,2.8660254037844384,1.7320508075688772,4.0,0.084,0.038,0.13,0.225,0.2,0.25,1.58042651564278,1.5329709716755893,1.6278820596099706,1.0,0.1,66.66666666666671,True,0.1,0.9,25.0,10000.0,0.938,0.139
compass.d.h+.case5.1529,1 - 1 - 2103,301.03984399999996,2.8660254037844384,1.7320508075688772,4.0,0.084,0.038,0.13,0.225,0.2,0.25,1.6799664335894238,1.6278820596099706,1.7320508075688772,1.0,0.1,57.14285714285721,True,0.1,0.9,25.0,10000.0,0.938,0.139
compass.d.h+.case5.1530,1 - 1 - 2103,301.03984399999996,2.8660254037844384,1.7320508075688772,4.0,0.084,0.038,0.13,0.275,0.25,0.3,0.17071067811865476,0.1414213562373095,0.2,1.0,0.1,999.9999999999998,True,0.1,0.9,25.0,10000.0,0.938,0.139
compass.d.h+.case5.1531,1 - 1 - 2103,301.03984399999996,2.8660254037844384,1.7320508075688772,4.0,0.084,0.038,0.13,0.275,0.25,0.3,0.2224744871391589,0.2,0.2449489742783178,1.0,0.1,1000.0000000000008,True,0.1,0.9,25.0,10000.0,0.938,0.139
compass.d.h+.case5.1532,1 - 1 - 2103,301.03984399999996,2.8660254037844384,1.7320508075688772,4.0,0.084,0.038,0.13,0.275,0.25,0.3,0.26389584337646843,0.2449489742783178,0.282842712474619,1.0,0.1,1000.0000000000001,True,0.1,0.9,25.0,10000.0,0.938,0.139
compass.d.h+.case5.1533,1 - 1 - 2103,301.03984399999996,2.8660254037844384,1.7320508075688772,4.0,0.084,0.038,0.13,0.275,0.25,0.3,0.29953523924572845,0.282842712474619,0.31622776601683794,1.0,0.1,1000.0000000000001,True,0.1,0.9,25.0,10000.0,0.938,0.139
compass.d.h+.case5.1534,1 - 1 - 2103,301.03984399999996,2.8660254037844384,1.7320508075688772,4.0,0.084,0.038,0.13,0.275,0.25,0.3,0.3313189637653067,0.31622776601683794,0.34641016151377546,1.0,0.1,1000.0000000000008,True,0.1,0.9,25.0,10000.0,0.938,0.139
compass.d.h+.case5.1535,1 - 1 - 2103,301.03984399999996,2.8660254037844384,1.7320508075688772,4.0,0.084,0.038,0.13,0.275,0.25,0.3,0.3602879500955848,0.34641016151377546,0.37416573867739417,1.0,0.1,999.9999999999993,True,0.1,0.9,25.0,10000.0,0.938,0.139
compass.d.h+.case5.1536,1 - 1 - 2103,301.03984399999996,2.8660254037844384,1.7320508075688772,4.0,0.084,0.038,0.13,0.275,0.25,0.3,0.3932381506195801,0.37416573867739417,0.41231056256176607,1.0,0.1,666.6666666666669,True,0.1,0.9,25.0,10000.0,0.938,0.139
compass.d.h+.case5.1537,1 - 1 - 2103,301.03984399999996,2.8660254037844384,1.7320508075688772,4.0,0.084,0.038,0.13,0.275,0.25,0.3,0.429762079030862,0.41231056256176607,0.4472135954999579,1.0,0.1,666.6666666666674,True,0.1,0.9,25.0,10000.0,0.938,0.139
compass.d.h+.case5.1538,1 - 1 - 2103,301.03984399999996,2.8660254037844384,1.7320508075688772,4.0,0.084,0.038,0.13,0.275,0.25,0.3,0.46339837391561495,0.4472135954999579,0.47958315233127197,1.0,0.1,666.6666666666663,True,0.1,0.9,25.0,10000.0,0.938,0.139
compass.d.h+.case5.1539,1 - 1 - 2103,301.03984399999996,2.8660254037844384,1.7320508075688772,4.0,0.084,0.038,0.13,0.275,0.25,0.3,0.4995991973009676,0.47958315233127197,0.5196152422706632,1.0,0.1,499.9999999999993,True,0.1,0.9,25.0,10000.0,0.938,0.139
compass.d.h+.case5.1540,1 - 1 - 2103,301.03984399999996,2.8660254037844384,1.7320508075688772,4.0,0.084,0.038,0.13,0.275,0.25,0.3,0.5336688998879147,0.5196152422706632,0.5477225575051661,1.0,0.1,666.66666666667,True,0.1,0.9,25.0,10000.0,0.938,0.139
compass.d.h+.case5.1541,1 - 1 - 2103,301.03984399999996,2.8660254037844384,1.7320508075688772,4.0,0.084,0.038,0.13,0.275,0.25,0.3,0.5696652679075638,0.5477225575051661,0.5916079783099616,1.0,0.1,399.9999999999997,True,0.1,0.9,25.0,10000.0,0.938,0.139
compass.d.h+.case5.1542,1 - 1 - 2103,301.03984399999996,2.8660254037844384,1.7320508075688772,4.0,0.084,0.038,0.13,0.275,0.25,0.3,0.6120317551718187,0.5916079783099616,0.6324555320336759,1.0,0.1,399.9999999999997,True,0.1,0.9,25.0,10000.0,0.938,0.139
compass.d.h+.case5.1543,1 - 1 - 2103,301.03984399999996,2.8660254037844384,1.7320508075688772,4.0,0.084,0.038,0.13,0.275,0.25,0.3,0.6553442651731014,0.6324555320336759,0.6782329983125268,1.0,0.1,333.3333333333334,True,0.1,0.9,25.0,10000.0,0.938,0.139
compass.d.h+.case5.1544,1 - 1 - 2103,301.03984399999996,2.8660254037844384,1.7320508075688772,4.0,0.084,0.038,0.13,0.275,0.25,0.3,0.6996716267026624,0.6782329983125268,0.7211102550927979,1.0,0.1,333.3333333333328,True,0.1,0.9,25.0,10000.0,0.938,0.139
compass.d.h+.case5.1545,1 - 1 - 2103,301.03984399999996,2.8660254037844384,1.7320508075688772,4.0,0.084,0.038,0.13,0.275,0.25,0.3,0.7478534621671407,0.7211102550927979,0.7745966692414834,1.0,0.1,250.0000000000002,True,0.1,0.9,25.0,10000.0,0.938,0.139
compass.d.h+.case5.1546,1 - 1 - 2103,301.03984399999996,2.8660254037844384,1.7320508075688772,4.0,0.084,0.038,0.13,0.275,0.25,0.3,0.7996088971825077,0.7745966692414834,0.8246211251235321,1.0,0.1,250.0000000000002,True,0.1,0.9,25.0,10000.0,0.938,0.139
compass.d.h+.case5.1547,1 - 1 - 2103,301.03984399999996,2.8660254037844384,1.7320508075688772,4.0,0.084,0.038,0.13,0.275,0.25,0.3,0.8482004569158335,0.8246211251235321,0.8717797887081347,1.0,0.1,250.0000000000005,True,0.1,0.9,25.0,10000.0,0.938,0.139
compass.d.h+.case5.1548,1 - 1 - 2103,301.03984399999996,2.8660254037844384,1.7320508075688772,4.0,0.084,0.038,0.13,0.275,0.25,0.3,0.902258847008508,0.8717797887081347,0.9327379053088815,1.0,0.1,181.81818181818187,True,0.1,0.9,25.0,10000.0,0.938,0.139
compass.d.h+.case5.1549,1 - 1 - 2103,301.03984399999996,2.8660254037844384,1.7320508075688772,4.0,0.084,0.038,0.13,0.275,0.25,0.3,0.9663689526544408,0.9327379053088815,1.0,1.0,0.1,153.84615384615375,True,0.1,0.9,25.0,10000.0,0.938,0.139
compass.d.h+.case5.1550,1 - 1 - 2103,301.03984399999996,2.8660254037844384,1.7320508075688772,4.0,0.084,0.038,0.13,0.275,0.25,0.3,1.029150262212918,1.0,1.0583005244258363,1.0,0.1,166.66666666666657,True,0.1,0.9,25.0,10000.0,0.938,0.139
compass.d.h+.case5.1551,1 - 1 - 2103,301.03984399999996,2.8660254037844384,1.7320508075688772,4.0,0.084,0.038,0.13,0.275,0.25,0.3,1.0859266984959204,1.0583005244258363,1.1135528725660044,1.0,0.1,166.66666666666657,True,0.1,0.9,25.0,10000.0,0.938,0.139
compass.d.h+.case5.1552,1 - 1 - 2103,301.03984399999996,2.8660254037844384,1.7320508075688772,4.0,0.084,0.038,0.13,0.275,0.25,0.3,1.1441434425065387,1.1135528725660044,1.174734012447073,1.0,0.1,142.85714285714297,True,0.1,0.9,25.0,10000.0,0.938,0.139
compass.d.h+.case5.1553,1 - 1 - 2103,301.03984399999996,2.8660254037844384,1.7320508075688772,4.0,0.084,0.038,0.13,0.275,0.25,0.3,1.2038084065204342,1.174734012447073,1.2328828005937953,1.0,0.1,142.85714285714297,True,0.1,0.9,25.0,10000.0,0.938,0.139
compass.d.h+.case5.1554,1 - 1 - 2103,301.03984399999996,2.8660254037844384,1.7320508075688772,4.0,0.084,0.038,0.13,0.275,0.25,0.3,1.2645154701376837,1.2328828005937953,1.296148139681572,1.0,0.1,125.00000000000026,True,0.1,0.9,25.0,10000.0,0.938,0.139
compass.d.h+.case5.1555,1 - 1 - 2103,301.03984399999996,2.8660254037844384,1.7320508075688772,4.0,0.084,0.038,0.13,0.275,0.25,0.3,1.328147595277558,1.296148139681572,1.3601470508735443,1.0,0.1,117.64705882352933,True,0.1,0.9,25.0,10000.0,0.938,0.139
compass.d.h+.case5.1556,1 - 1 - 2103,301.03984399999996,2.8660254037844384,1.7320508075688772,4.0,0.084,0.038,0.13,0.275,0.25,0.3,1.3959645786005899,1.3601470508735443,1.4317821063276353,1.0,0.1,100.00000000000004,True,0.1,0.9,25.0,10000.0,0.938,0.139
compass.d.h+.case5.1557,1 - 1 - 2103,301.03984399999996,2.8660254037844384,1.7320508075688772,4.0,0.084,0.038,0.13,0.275,0.25,0.3,1.4823765390016121,1.4317821063276353,1.5329709716755893,1.0,0.1,66.66666666666663,True,0.1,0.9,25.0,10000.0,0.938,0.139
compass.d.h+.case5.1558,1 - 1 - 2103,301.03984399999996,2.8660254037844384,1.7320508075688772,4.0,0.084,0.038,0.13,0.275,0.25,0.3,1.58042651564278,1.5329709716755893,1.6278820596099706,1.0,0.1,66.66666666666671,True,0.1,0.9,25.0,10000.0,0.938,0.139
compass.d.h+.case5.1559,1 - 1 - 2103,301.03984399999996,2.8660254037844384,1.7320508075688772,4.0,0.084,0.038,0.13,0.275,0.25,0.3,1.6799664335894238,1.6278820596099706,1.7320508075688772,1.0,0.1,57.14285714285721,True,0.1,0.9,25.0,10000.0,0.938,0.139
compass.d.h+.case5.1560,1 - 1 - 2103,301.03984399999996,2.8660254037844384,1.7320508075688772,4.0,0.084,0.038,0.13,0.35,0.3,0.4,0.17071067811865476,0.1414213562373095,0.2,1.0,0.1,499.9999999999996,True,0.1,0.9,25.0,10000.0,0.938,0.139
compass.d.h+.case5.1561,1 - 1 - 2103,301.03984399999996,2.8660254037844384,1.7320508075688772,4.0,0.084,0.038,0.13,0.35,0.3,0.4,0.2224744871391589,0.2,0.2449489742783178,1.0,0.1,500.0000000000001,True,0.1,0.9,25.0,10000.0,0.938,0.139
compass.d.h+.case5.1562,1 - 1 - 2103,301.03984399999996,2.8660254037844384,1.7320508075688772,4.0,0.084,0.038,0.13,0.35,0.3,0.4,0.26389584337646843,0.2449489742783178,0.282842712474619,1.0,0.1,499.9999999999998,True,0.1,0.9,25.0,10000.0,0.938,0.139
compass.d.h+.case5.1563,1 - 1 - 2103,301.03984399999996,2.8660254037844384,1.7320508075688772,4.0,0.084,0.038,0.13,0.35,0.3,0.4,0.29953523924572845,0.282842712474619,0.31622776601683794,1.0,0.1,499.9999999999998,True,0.1,0.9,25.0,10000.0,0.938,0.139
compass.d.h+.case5.1564,1 - 1 - 2103,301.03984399999996,2.8660254037844384,1.7320508075688772,4.0,0.084,0.038,0.13,0.35,0.3,0.4,0.3313189637653067,0.31622776601683794,0.34641016151377546,1.0,0.1,500.0000000000001,True,0.1,0.9,25.0,10000.0,0.938,0.139
compass.d.h+.case5.1565,1 - 1 - 2103,301.03984399999996,2.8660254037844384,1.7320508075688772,4.0,0.084,0.038,0.13,0.35,0.3,0.4,0.3602879500955848,0.34641016151377546,0.37416573867739417,1.0,0.1,499.99999999999943,True,0.1,0.9,25.0,10000.0,0.938,0.139
compass.d.h+.case5.1566,1 - 1 - 2103,301.03984399999996,2.8660254037844384,1.7320508075688772,4.0,0.084,0.038,0.13,0.35,0.3,0.4,0.3932381506195801,0.37416573867739417,0.41231056256176607,1.0,0.1,333.33333333333326,True,0.1,0.9,25.0,10000.0,0.938,0.139
compass.d.h+.case5.1567,1 - 1 - 2103,301.03984399999996,2.8660254037844384,1.7320508075688772,4.0,0.084,0.038,0.13,0.35,0.3,0.4,0.429762079030862,0.41231056256176607,0.4472135954999579,1.0,0.1,333.33333333333354,True,0.1,0.9,25.0,10000.0,0.938,0.139
compass.d.h+.case5.1568,1 - 1 - 2103,301.03984399999996,2.8660254037844384,1.7320508075688772,4.0,0.084,0.038,0.13,0.35,0.3,0.4,0.46339837391561495,0.4472135954999579,0.47958315233127197,1.0,0.1,333.333333333333,True,0.1,0.9,25.0,10000.0,0.938,0.139
compass.d.h+.case5.1569,1 - 1 - 2103,301.03984399999996,2.8660254037844384,1.7320508075688772,4.0,0.084,0.038,0.13,0.35,0.3,0.4,0.4995991973009676,0.47958315233127197,0.5196152422706632,1.0,0.1,249.99999999999952,True,0.1,0.9,25.0,10000.0,0.938,0.139
compass.d.h+.case5.1570,1 - 1 - 2103,301.03984399999996,2.8660254037844384,1.7320508075688772,4.0,0.084,0.038,0.13,0.35,0.3,0.4,0.5336688998879147,0.5196152422706632,0.5477225575051661,1.0,0.1,333.3333333333348,True,0.1,0.9,25.0,10000.0,0.938,0.139
compass.d.h+.case5.1571,1 - 1 - 2103,301.03984399999996,2.8660254037844384,1.7320508075688772,4.0,0.084,0.038,0.13,0.35,0.3,0.4,0.5696652679075638,0.5477225575051661,0.5916079783099616,1.0,0.1,199.99999999999974,True,0.1,0.9,25.0,10000.0,0.938,0.139
compass.d.h+.case5.1572,1 - 1 - 2103,301.03984399999996,2.8660254037844384,1.7320508075688772,4.0,0.084,0.038,0.13,0.35,0.3,0.4,0.6120317551718187,0.5916079783099616,0.6324555320336759,1.0,0.1,199.99999999999974,True,0.1,0.9,25.0,10000.0,0.938,0.139
compass.d.h+.case5.1573,1 - 1 - 2103,301.03984399999996,2.8660254037844384,1.7320508075688772,4.0,0.084,0.038,0.13,0.35,0.3,0.4,0.6553442651731014,0.6324555320336759,0.6782329983125268,1.0,0.1,166.66666666666663,True,0.1,0.9,25.0,10000.0,0.938,0.139
compass.d.h+.case5.1574,1 - 1 - 2103,301.03984399999996,2.8660254037844384,1.7320508075688772,4.0,0.084,0.038,0.13,0.35,0.3,0.4,0.6996716267026624,0.6782329983125268,0.7211102550927979,1.0,0.1,166.66666666666632,True,0.1,0.9,25.0,10000.0,0.938,0.139
compass.d.h+.case5.1575,1 - 1 - 2103,301.03984399999996,2.8660254037844384,1.7320508075688772,4.0,0.084,0.038,0.13,0.35,0.3,0.4,0.7478534621671407,0.7211102550927979,0.7745966692414834,1.0,0.1,125.00000000000003,True,0.1,0.9,25.0,10000.0,0.938,0.139
compass.d.h+.case5.1576,1 - 1 - 2103,301.03984399999996,2.8660254037844384,1.7320508075688772,4.0,0.084,0.038,0.13,0.35,0.3,0.4,0.7996088971825077,0.7745966692414834,0.8246211251235321,1.0,0.1,125.00000000000003,True,0.1,0.9,25.0,10000.0,0.938,0.139
compass.d.h+.case5.1577,1 - 1 - 2103,301.03984399999996,2.8660254037844384,1.7320508075688772,4.0,0.084,0.038,0.13,0.35,0.3,0.4,0.8482004569158335,0.8246211251235321,0.8717797887081347,1.0,0.1,125.00000000000018,True,0.1,0.9,25.0,10000.0,0.938,0.139
compass.d.h+.case5.1578,1 - 1 - 2103,301.03984399999996,2.8660254037844384,1.7320508075688772,4.0,0.084,0.038,0.13,0.35,0.3,0.4,0.902258847008508,0.8717797887081347,0.9327379053088815,1.0,0.1,90.90909090909089,True,0.1,0.9,25.0,10000.0,0.938,0.139
compass.d.h+.case5.1579,1 - 1 - 2103,301.03984399999996,2.8660254037844384,1.7320508075688772,4.0,0.084,0.038,0.13,0.35,0.3,0.4,0.9663689526544408,0.9327379053088815,1.0,1.0,0.1,76.92307692307683,True,0.1,0.9,25.0,10000.0,0.938,0.139
compass.d.h+.case5.1580,1 - 1 - 2103,301.03984399999996,2.8660254037844384,1.7320508075688772,4.0,0.084,0.038,0.13,0.35,0.3,0.4,1.029150262212918,1.0,1.0583005244258363,1.0,0.1,83.33333333333324,True,0.1,0.9,25.0,10000.0,0.938,0.139
compass.d.h+.case5.1581,1 - 1 - 2103,301.03984399999996,2.8660254037844384,1.7320508075688772,4.0,0.084,0.038,0.13,0.35,0.3,0.4,1.0859266984959204,1.0583005244258363,1.1135528725660044,1.0,0.1,83.33333333333324,True,0.1,0.9,25.0,10000.0,0.938,0.139
compass.d.h+.case5.1582,1 - 1 - 2103,301.03984399999996,2.8660254037844384,1.7320508075688772,4.0,0.084,0.038,0.13,0.35,0.3,0.4,1.1441434425065387,1.1135528725660044,1.174734012447073,1.0,0.1,71.42857142857146,True,0.1,0.9,25.0,10000.0,0.938,0.139
compass.d.h+.case5.1583,1 - 1 - 2103,301.03984399999996,2.8660254037844384,1.7320508075688772,4.0,0.084,0.038,0.13,0.35,0.3,0.4,1.2038084065204342,1.174734012447073,1.2328828005937953,1.0,0.1,71.42857142857146,True,0.1,0.9,25.0,10000.0,0.938,0.139
compass.d.h+.case5.1584,1 - 1 - 2103,301.03984399999996,2.8660254037844384,1.7320508075688772,4.0,0.084,0.038,0.13,0.35,0.3,0.4,1.2645154701376837,1.2328828005937953,1.296148139681572,1.0,0.1,62.50000000000009,True,0.1,0.9,25.0,10000.0,0.938,0.139
compass.d.h+.case5.1585,1 - 1 - 2103,301.03984399999996,2.8660254037844384,1.7320508075688772,4.0,0.084,0.038,0.13,0.35,0.3,0.4,1.328147595277558,1.296148139681572,1.3601470508735443,1.0,0.1,58.82352941176464,True,0.1,0.9,25.0,10000.0,0.938,0.139
compass.d.h+.case5.1586,1 - 1 - 2103,301.03984399999996,2.8660254037844384,1.7320508075688772,4.0,0.084,0.038,0.13,0.35,0.3,0.4,1.3959645786005899,1.3601470508735443,1.4317821063276353,1.0,0.1,49.99999999999999,True,0.1,0.9,25.0,10000.0,0.938,0.139
compass.d.h+.case5.1587,1 - 1 - 2103,301.03984399999996,2.8660254037844384,1.7320508075688772,4.0,0.084,0.038,0.13,0.35,0.3,0.4,1.4823765390016121,1.4317821063276353,1.5329709716755893,1.0,0.1,33.33333333333329,True,0.1,0.9,25.0,10000.0,0.938,0.139
compass.d.h+.case5.1588,1 - 1 - 2103,301.03984399999996,2.8660254037844384,1.7320508075688772,4.0,0.084,0.038,0.13,0.35,0.3,0.4,1.58042651564278,1.5329709716755893,1.6278820596099706,1.0,0.1,33.33333333333334,True,0.1,0.9,25.0,10000.0,0.938,0.139
compass.d.h+.case5.1589,1 - 1 - 2103,301.03984399999996,2.8660254037844384,1.7320508075688772,4.0,0.084,0.038,0.13,0.35,0.3,0.4,1.6799664335894238,1.6278820596099706,1.7320508075688772,1.0,0.1,28.57142857142859,True,0.1,0.9,25.0,10000.0,0.938,0.139
compass.d.h+.case5.1590,1 - 1 - 2103,301.03984399999996,2.8660254037844384,1.7320508075688772,4.0,0.084,0.038,0.13,0.47500000000000003,0.4,0.55,0.17071067811865476,0.1414213562373095,0.2,1.0,0.1,333.33333333333314,True,0.1,0.9,25.0,10000.0,0.938,0.139
compass.d.h+.case5.1591,1 - 1 - 2103,301.03984399999996,2.8660254037844384,1.7320508075688772,4.0,0.084,0.038,0.13,0.47500000000000003,0.4,0.55,0.2224744871391589,0.2,0.2449489742783178,1.0,0.1,333.3333333333335,True,0.1,0.9,25.0,10000.0,0.938,0.139
compass.d.h+.case5.1592,1 - 1 - 2103,301.03984399999996,2.8660254037844384,1.7320508075688772,4.0,0.084,0.038,0.13,0.47500000000000003,0.4,0.55,0.26389584337646843,0.2449489742783178,0.282842712474619,1.0,0.1,333.33333333333326,True,0.1,0.9,25.0,10000.0,0.938,0.139
compass.d.h+.case5.1593,1 - 1 - 2103,301.03984399999996,2.8660254037844384,1.7320508075688772,4.0,0.084,0.038,0.13,0.47500000000000003,0.4,0.55,0.29953523924572845,0.282842712474619,0.31622776601683794,1.0,0.1,333.33333333333326,True,0.1,0.9,25.0,10000.0,0.938,0.139
compass.d.h+.case5.1594,1 - 1 - 2103,301.03984399999996,2.8660254037844384,1.7320508075688772,4.0,0.084,0.038,0.13,0.47500000000000003,0.4,0.55,0.3313189637653067,0.31622776601683794,0.34641016151377546,1.0,0.1,333.3333333333335,True,0.1,0.9,25.0,10000.0,0.938,0.139
compass.d.h+.case5.1595,1 - 1 - 2103,301.03984399999996,2.8660254037844384,1.7320508075688772,4.0,0.084,0.038,0.13,0.47500000000000003,0.4,0.55,0.3602879500955848,0.34641016151377546,0.37416573867739417,1.0,0.1,333.333333333333,True,0.1,0.9,25.0,10000.0,0.938,0.139
compass.d.h+.case5.1596,1 - 1 - 2103,301.03984399999996,2.8660254037844384,1.7320508075688772,4.0,0.084,0.038,0.13,0.47500000000000003,0.4,0.55,0.3932381506195801,0.37416573867739417,0.41231056256176607,1.0,0.1,222.2222222222222,True,0.1,0.9,25.0,10000.0,0.938,0.139
compass.d.h+.case5.1597,1 - 1 - 2103,301.03984399999996,2.8660254037844384,1.7320508075688772,4.0,0.084,0.038,0.13,0.47500000000000003,0.4,0.55,0.429762079030862,0.41231056256176607,0.4472135954999579,1.0,0.1,222.2222222222224,True,0.1,0.9,25.0,10000.0,0.938,0.139
compass.d.h+.case5.1598,1 - 1 - 2103,301.03984399999996,2.8660254037844384,1.7320508075688772,4.0,0.084,0.038,0.13,0.47500000000000003,0.4,0.55,0.46339837391561495,0.4472135954999579,0.47958315233127197,1.0,0.1,222.22222222222203,True,0.1,0.9,25.0,10000.0,0.938,0.139
compass.d.h+.case5.1599,1 - 1 - 2103,301.03984399999996,2.8660254037844384,1.7320508075688772,4.0,0.084,0.038,0.13,0.47500000000000003,0.4,0.55,0.4995991973009676,0.47958315233127197,0.5196152422706632,1.0,0.1,166.66666666666637,True,0.1,0.9,25.0,10000.0,0.938,0.139
compass.d.h+.case5.1600,1 - 1 - 2103,301.03984399999996,2.8660254037844384,1.7320508075688772,4.0,0.084,0.038,0.13,0.47500000000000003,0.4,0.55,0.5336688998879147,0.5196152422706632,0.5477225575051661,1.0,0.1,222.22222222222325,True,0.1,0.9,25.0,10000.0,0.938,0.139
compass.d.h+.case5.1601,1 - 1 - 2103,301.03984399999996,2.8660254037844384,1.7320508075688772,4.0,0.084,0.038,0.13,0.47500000000000003,0.4,0.55,0.5696652679075638,0.5477225575051661,0.5916079783099616,1.0,0.1,133.3333333333332,True,0.1,0.9,25.0,10000.0,0.938,0.139
compass.d.h+.case5.1602,1 - 1 - 2103,301.03984399999996,2.8660254037844384,1.7320508075688772,4.0,0.084,0.038,0.13,0.47500000000000003,0.4,0.55,0.6120317551718187,0.5916079783099616,0.6324555320336759,1.0,0.1,133.3333333333332,True,0.1,0.9,25.0,10000.0,0.938,0.139
compass.d.h+.case5.1603,1 - 1 - 2103,301.03984399999996,2.8660254037844384,1.7320508075688772,4.0,0.084,0.038,0.13,0.47500000000000003,0.4,0.55,0.6553442651731014,0.6324555320336759,0.6782329983125268,1.0,0.1,111.1111111111111,True,0.1,0.9,25.0,10000.0,0.938,0.139
compass.d.h+.case5.1604,1 - 1 - 2103,301.03984399999996,2.8660254037844384,1.7320508075688772,4.0,0.084,0.038,0.13,0.47500000000000003,0.4,0.55,0.6996716267026624,0.6782329983125268,0.7211102550927979,1.0,0.1,111.11111111111089,True,0.1,0.9,25.0,10000.0,0.938,0.139
compass.d.h+.case5.1605,1 - 1 - 2103,301.03984399999996,2.8660254037844384,1.7320508075688772,4.0,0.084,0.038,0.13,0.47500000000000003,0.4,0.55,0.7478534621671407,0.7211102550927979,0.7745966692414834,1.0,0.1,83.33333333333337,True,0.1,0.9,25.0,10000.0,0.938,0.139
compass.d.h+.case5.1606,1 - 1 - 2103,301.03984399999996,2.8660254037844384,1.7320508075688772,4.0,0.084,0.038,0.13,0.47500000000000003,0.4,0.55,0.7996088971825077,0.7745966692414834,0.8246211251235321,1.0,0.1,83.33333333333337,True,0.1,0.9,25.0,10000.0,0.938,0.139
compass.d.h+.case5.1607,1 - 1 - 2103,301.03984399999996,2.8660254037844384,1.7320508075688772,4.0,0.084,0.038,0.13,0.47500000000000003,0.4,0.55,0.8482004569158335,0.8246211251235321,0.8717797887081347,1.0,0.1,83.33333333333347,True,0.1,0.9,25.0,10000.0,0.938,0.139
compass.d.h+.case5.1608,1 - 1 - 2103,301.03984399999996,2.8660254037844384,1.7320508075688772,4.0,0.084,0.038,0.13,0.47500000000000003,0.4,0.55,0.902258847008508,0.8717797887081347,0.9327379053088815,1.0,0.1,60.6060606060606,True,0.1,0.9,25.0,10000.0,0.938,0.139
compass.d.h+.case5.1609,1 - 1 - 2103,301.03984399999996,2.8660254037844384,1.7320508075688772,4.0,0.084,0.038,0.13,0.47500000000000003,0.4,0.55,0.9663689526544408,0.9327379053088815,1.0,1.0,0.1,51.28205128205123,True,0.1,0.9,25.0,10000.0,0.938,0.139
compass.d.h+.case5.1610,1 - 1 - 2103,301.03984399999996,2.8660254037844384,1.7320508075688772,4.0,0.084,0.038,0.13,0.47500000000000003,0.4,0.55,1.029150262212918,1.0,1.0583005244258363,1.0,0.1,55.55555555555551,True,0.1,0.9,25.0,10000.0,0.938,0.139
compass.d.h+.case5.1611,1 - 1 - 2103,301.03984399999996,2.8660254037844384,1.7320508075688772,4.0,0.084,0.038,0.13,0.47500000000000003,0.4,0.55,1.0859266984959204,1.0583005244258363,1.1135528725660044,1.0,0.1,55.55555555555551,True,0.1,0.9,25.0,10000.0,0.938,0.139
compass.d.h+.case5.1612,1 - 1 - 2103,301.03984399999996,2.8660254037844384,1.7320508075688772,4.0,0.084,0.038,0.13,0.47500000000000003,0.4,0.55,1.1441434425065387,1.1135528725660044,1.174734012447073,1.0,0.1,47.61904761904764,True,0.1,0.9,25.0,10000.0,0.938,0.139
compass.d.h+.case5.1613,1 - 1 - 2103,301.03984399999996,2.8660254037844384,1.7320508075688772,4.0,0.084,0.038,0.13,0.47500000000000003,0.4,0.55,1.2038084065204342,1.174734012447073,1.2328828005937953,1.0,0.1,47.61904761904764,True,0.1,0.9,25.0,10000.0,0.938,0.139
compass.d.h+.case5.1614,1 - 1 - 2103,301.03984399999996,2.8660254037844384,1.7320508075688772,4.0,0.084,0.038,0.13,0.47500000000000003,0.4,0.55,1.2645154701376837,1.2328828005937953,1.296148139681572,1.0,0.1,41.666666666666735,True,0.1,0.9,25.0,10000.0,0.938,0.139
compass.d.h+.case5.1615,1 - 1 - 2103,301.03984399999996,2.8660254037844384,1.7320508075688772,4.0,0.084,0.038,0.13,0.47500000000000003,0.4,0.55,1.328147595277558,1.296148139681572,1.3601470508735443,1.0,0.1,39.215686274509764,True,0.1,0.9,25.0,10000.0,0.938,0.139
compass.d.h+.case5.1616,1 - 1 - 2103,301.03984399999996,2.8660254037844384,1.7320508075688772,4.0,0.084,0.038,0.13,0.47500000000000003,0.4,0.55,1.3959645786005899,1.3601470508735443,1.4317821063276353,1.0,0.1,33.333333333333336,True,0.1,0.9,25.0,10000.0,0.938,0.139
compass.d.h+.case5.1617,1 - 1 - 2103,301.03984399999996,2.8660254037844384,1.7320508075688772,4.0,0.084,0.038,0.13,0.47500000000000003,0.4,0.55,1.4823765390016121,1.4317821063276353,1.5329709716755893,1.0,0.1,22.2222222222222,True,0.1,0.9,25.0,10000.0,0.938,0.139
compass.d.h+.case5.1618,1 - 1 - 2103,301.03984399999996,2.8660254037844384,1.7320508075688772,4.0,0.084,0.038,0.13,0.47500000000000003,0.4,0.55,1.58042651564278,1.5329709716755893,1.6278820596099706,1.0,0.1,22.222222222222232,True,0.1,0.9,25.0,10000.0,0.938,0.139
compass.d.h+.case5.1619,1 - 1 - 2103,301.03984399999996,2.8660254037844384,1.7320508075688772,4.0,0.084,0.038,0.13,0.47500000000000003,0.4,0.55,1.6799664335894238,1.6278820596099706,1.7320508075688772,1.0,0.1,19.04761904761906,True,0.1,0.9,25.0,10000.0,0.938,0.139
compass.d.h+.case5.1620,1 - 1 - 2103,301.03984399999996,2.8660254037844384,1.7320508075688772,4.0,0.084,0.038,0.13,0.625,0.55,0.7,0.17071067811865476,0.1414213562373095,0.2,1.0,0.1,333.33333333333337,True,0.1,0.9,25.0,10000.0,0.938,0.139
compass.d.h+.case5.1621,1 - 1 - 2103,301.03984399999996,2.8660254037844384,1.7320508075688772,4.0,0.084,0.038,0.13,0.625,0.55,0.7,0.2224744871391589,0.2,0.2449489742783178,1.0,0.1,333.3333333333337,True,0.1,0.9,25.0,10000.0,0.938,0.139
compass.d.h+.case5.1622,1 - 1 - 2103,301.03984399999996,2.8660254037844384,1.7320508075688772,4.0,0.084,0.038,0.13,0.625,0.55,0.7,0.26389584337646843,0.2449489742783178,0.282842712474619,1.0,0.1,333.3333333333335,True,0.1,0.9,25.0,10000.0,0.938,0.139
compass.d.h+.case5.1623,1 - 1 - 2103,301.03984399999996,2.8660254037844384,1.7320508075688772,4.0,0.084,0.038,0.13,0.625,0.55,0.7,0.29953523924572845,0.282842712474619,0.31622776601683794,1.0,0.1,333.3333333333335,True,0.1,0.9,25.0,10000.0,0.938,0.139
compass.d.h+.case5.1624,1 - 1 - 2103,301.03984399999996,2.8660254037844384,1.7320508075688772,4.0,0.084,0.038,0.13,0.625,0.55,0.7,0.3313189637653067,0.31622776601683794,0.34641016151377546,1.0,0.1,333.3333333333337,True,0.1,0.9,25.0,10000.0,0.938,0.139
compass.d.h+.case5.1625,1 - 1 - 2103,301.03984399999996,2.8660254037844384,1.7320508075688772,4.0,0.084,0.038,0.13,0.625,0.55,0.7,0.3602879500955848,0.34641016151377546,0.37416573867739417,1.0,0.1,333.33333333333326,True,0.1,0.9,25.0,10000.0,0.938,0.139
compass.d.h+.case5.1626,1 - 1 - 2103,301.03984399999996,2.8660254037844384,1.7320508075688772,4.0,0.084,0.038,0.13,0.625,0.55,0.7,0.3932381506195801,0.37416573867739417,0.41231056256176607,1.0,0.1,222.22222222222237,True,0.1,0.9,25.0,10000.0,0.938,0.139
compass.d.h+.case5.1627,1 - 1 - 2103,301.03984399999996,2.8660254037844384,1.7320508075688772,4.0,0.084,0.038,0.13,0.625,0.55,0.7,0.429762079030862,0.41231056256176607,0.4472135954999579,1.0,0.1,222.22222222222257,True,0.1,0.9,25.0,10000.0,0.938,0.139
compass.d.h+.case5.1628,1 - 1 - 2103,301.03984399999996,2.8660254037844384,1.7320508075688772,4.0,0.084,0.038,0.13,0.625,0.55,0.7,0.46339837391561495,0.4472135954999579,0.47958315233127197,1.0,0.1,222.22222222222217,True,0.1,0.9,25.0,10000.0,0.938,0.139
compass.d.h+.case5.1629,1 - 1 - 2103,301.03984399999996,2.8660254037844384,1.7320508075688772,4.0,0.084,0.038,0.13,0.625,0.55,0.7,0.4995991973009676,0.47958315233127197,0.5196152422706632,1.0,0.1,166.66666666666652,True,0.1,0.9,25.0,10000.0,0.938,0.139
compass.d.h+.case5.1630,1 - 1 - 2103,301.03984399999996,2.8660254037844384,1.7320508075688772,4.0,0.084,0.038,0.13,0.625,0.55,0.7,0.5336688998879147,0.5196152422706632,0.5477225575051661,1.0,0.1,222.22222222222342,True,0.1,0.9,25.0,10000.0,0.938,0.139
compass.d.h+.case5.1631,1 - 1 - 2103,301.03984399999996,2.8660254037844384,1.7320508075688772,4.0,0.084,0.038,0.13,0.625,0.55,0.7,0.5696652679075638,0.5477225575051661,0.5916079783099616,1.0,0.1,133.3333333333333,True,0.1,0.9,25.0,10000.0,0.938,0.139
compass.d.h+.case5.1632,1 - 1 - 2103,301.03984399999996,2.8660254037844384,1.7320508075688772,4.0,0.084,0.038,0.13,0.625,0.55,0.7,0.6120317551718187,0.5916079783099616,0.6324555320336759,1.0,0.1,133.3333333333333,True,0.1,0.9,25.0,10000.0,0.938,0.139
compass.d.h+.case5.1633,1 - 1 - 2103,301.03984399999996,2.8660254037844384,1.7320508075688772,4.0,0.084,0.038,0.13,0.625,0.55,0.7,0.6553442651731014,0.6324555320336759,0.6782329983125268,1.0,0.1,111.11111111111119,True,0.1,0.9,25.0,10000.0,0.938,0.139
compass.d.h+.case5.1634,1 - 1 - 2103,301.03984399999996,2.8660254037844384,1.7320508075688772,4.0,0.084,0.038,0.13,0.625,0.55,0.7,0.6996716267026624,0.6782329983125268,0.7211102550927979,1.0,0.1,111.11111111111097,True,0.1,0.9,25.0,10000.0,0.938,0.139
compass.d.h+.case5.1635,1 - 1 - 2103,301.03984399999996,2.8660254037844384,1.7320508075688772,4.0,0.084,0.038,0.13,0.625,0.55,0.7,0.7478534621671407,0.7211102550927979,0.7745966692414834,1.0,0.1,83.33333333333343,True,0.1,0.9,25.0,10000.0,0.938,0.139
compass.d.h+.case5.1636,1 - 1 - 2103,301.03984399999996,2.8660254037844384,1.7320508075688772,4.0,0.084,0.038,0.13,0.625,0.55,0.7,0.7996088971825077,0.7745966692414834,0.8246211251235321,1.0,0.1,83.33333333333343,True,0.1,0.9,25.0,10000.0,0.938,0.139
compass.d.h+.case5.1637,1 - 1 - 2103,301.03984399999996,2.8660254037844384,1.7320508075688772,4.0,0.084,0.038,0.13,0.625,0.55,0.7,0.8482004569158335,0.8246211251235321,0.8717797887081347,1.0,0.1,83.33333333333354,True,0.1,0.9,25.0,10000.0,0.938,0.139
compass.d.h+.case5.1638,1 - 1 - 2103,301.03984399999996,2.8660254037844384,1.7320508075688772,4.0,0.084,0.038,0.13,0.625,0.55,0.7,0.902258847008508,0.8717797887081347,0.9327379053088815,1.0,0.1,60.606060606060645,True,0.1,0.9,25.0,10000.0,0.938,0.139
compass.d.h+.case5.1639,1 - 1 - 2103,301.03984399999996,2.8660254037844384,1.7320508075688772,4.0,0.084,0.038,0.13,0.625,0.55,0.7,0.9663689526544408,0.9327379053088815,1.0,1.0,0.1,51.28205128205126,True,0.1,0.9,25.0,10000.0,0.938,0.139
compass.d.h+.case5.1640,1 - 1 - 2103,301.03984399999996,2.8660254037844384,1.7320508075688772,4.0,0.084,0.038,0.13,0.625,0.55,0.7,1.029150262212918,1.0,1.0583005244258363,1.0,0.1,55.55555555555554,True,0.1,0.9,25.0,10000.0,0.938,0.139
compass.d.h+.case5.1641,1 - 1 - 2103,301.03984399999996,2.8660254037844384,1.7320508075688772,4.0,0.084,0.038,0.13,0.625,0.55,0.7,1.0859266984959204,1.0583005244258363,1.1135528725660044,1.0,0.1,55.55555555555554,True,0.1,0.9,25.0,10000.0,0.938,0.139
compass.d.h+.case5.1642,1 - 1 - 2103,301.03984399999996,2.8660254037844384,1.7320508075688772,4.0,0.084,0.038,0.13,0.625,0.55,0.7,1.1441434425065387,1.1135528725660044,1.174734012447073,1.0,0.1,47.61904761904768,True,0.1,0.9,25.0,10000.0,0.938,0.139
compass.d.h+.case5.1643,1 - 1 - 2103,301.03984399999996,2.8660254037844384,1.7320508075688772,4.0,0.084,0.038,0.13,0.625,0.55,0.7,1.2038084065204342,1.174734012447073,1.2328828005937953,1.0,0.1,47.61904761904768,True,0.1,0.9,25.0,10000.0,0.938,0.139
compass.d.h+.case5.1644,1 - 1 - 2103,301.03984399999996,2.8660254037844384,1.7320508075688772,4.0,0.084,0.038,0.13,0.625,0.55,0.7,1.2645154701376837,1.2328828005937953,1.296148139681572,1.0,0.1,41.66666666666677,True,0.1,0.9,25.0,10000.0,0.938,0.139
compass.d.h+.case5.1645,1 - 1 - 2103,301.03984399999996,2.8660254037844384,1.7320508075688772,4.0,0.084,0.038,0.13,0.625,0.55,0.7,1.328147595277558,1.296148139681572,1.3601470508735443,1.0,0.1,39.21568627450979,True,0.1,0.9,25.0,10000.0,0.938,0.139
compass.d.h+.case5.1646,1 - 1 - 2103,301.03984399999996,2.8660254037844384,1.7320508075688772,4.0,0.084,0.038,0.13,0.625,0.55,0.7,1.3959645786005899,1.3601470508735443,1.4317821063276353,1.0,0.1,33.33333333333336,True,0.1,0.9,25.0,10000.0,0.938,0.139
compass.d.h+.case5.1647,1 - 1 - 2103,301.03984399999996,2.8660254037844384,1.7320508075688772,4.0,0.084,0.038,0.13,0.625,0.55,0.7,1.4823765390016121,1.4317821063276353,1.5329709716755893,1.0,0.1,22.222222222222214,True,0.1,0.9,25.0,10000.0,0.938,0.139
compass.d.h+.case5.1648,1 - 1 - 2103,301.03984399999996,2.8660254037844384,1.7320508075688772,4.0,0.084,0.038,0.13,0.625,0.55,0.7,1.58042651564278,1.5329709716755893,1.6278820596099706,1.0,0.1,22.22222222222225,True,0.1,0.9,25.0,10000.0,0.938,0.139
compass.d.h+.case5.1649,1 - 1 - 2103,301.03984399999996,2.8660254037844384,1.7320508075688772,4.0,0.084,0.038,0.13,0.625,0.55,0.7,1.6799664335894238,1.6278820596099706,1.7320508075688772,1.0,0.1,19.047619047619076,True,0.1,0.9,25.0,10000.0,0.938,0.139
compass.d.h+.case5.1650,1 - 1 - 2103,301.03984399999996,2.8660254037844384,1.7320508075688772,4.0,0.084,0.038,0.13,0.7749999999999999,0.7,0.85,0.17071067811865476,0.1414213562373095,0.2,1.0,0.1,333.33333333333314,True,0.1,0.9,25.0,10000.0,0.938,0.139
compass.d.h+.case5.1651,1 - 1 - 2103,301.03984399999996,2.8660254037844384,1.7320508075688772,4.0,0.084,0.038,0.13,0.7749999999999999,0.7,0.85,0.2224744871391589,0.2,0.2449489742783178,1.0,0.1,333.3333333333335,True,0.1,0.9,25.0,10000.0,0.938,0.139
compass.d.h+.case5.1652,1 - 1 - 2103,301.03984399999996,2.8660254037844384,1.7320508075688772,4.0,0.084,0.038,0.13,0.7749999999999999,0.7,0.85,0.26389584337646843,0.2449489742783178,0.282842712474619,1.0,0.1,333.33333333333326,True,0.1,0.9,25.0,10000.0,0.938,0.139
compass.d.h+.case5.1653,1 - 1 - 2103,301.03984399999996,2.8660254037844384,1.7320508075688772,4.0,0.084,0.038,0.13,0.7749999999999999,0.7,0.85,0.29953523924572845,0.282842712474619,0.31622776601683794,1.0,0.1,333.33333333333326,True,0.1,0.9,25.0,10000.0,0.938,0.139
compass.d.h+.case5.1654,1 - 1 - 2103,301.03984399999996,2.8660254037844384,1.7320508075688772,4.0,0.084,0.038,0.13,0.7749999999999999,0.7,0.85,0.3313189637653067,0.31622776601683794,0.34641016151377546,1.0,0.1,333.3333333333335,True,0.1,0.9,25.0,10000.0,0.938,0.139
compass.d.h+.case5.1655,1 - 1 - 2103,301.03984399999996,2.8660254037844384,1.7320508075688772,4.0,0.084,0.038,0.13,0.7749999999999999,0.7,0.85,0.3602879500955848,0.34641016151377546,0.37416573867739417,1.0,0.1,333.333333333333,True,0.1,0.9,25.0,10000.0,0.938,0.139
compass.d.h+.case5.1656,1 - 1 - 2103,301.03984399999996,2.8660254037844384,1.7320508075688772,4.0,0.084,0.038,0.13,0.7749999999999999,0.7,0.85,0.3932381506195801,0.37416573867739417,0.41231056256176607,1.0,0.1,222.2222222222222,True,0.1,0.9,25.0,10000.0,0.938,0.139
compass.d.h+.case5.1657,1 - 1 - 2103,301.03984399999996,2.8660254037844384,1.7320508075688772,4.0,0.084,0.038,0.13,0.7749999999999999,0.7,0.85,0.429762079030862,0.41231056256176607,0.4472135954999579,1.0,0.1,222.2222222222224,True,0.1,0.9,25.0,10000.0,0.938,0.139
compass.d.h+.case5.1658,1 - 1 - 2103,301.03984399999996,2.8660254037844384,1.7320508075688772,4.0,0.084,0.038,0.13,0.7749999999999999,0.7,0.85,0.46339837391561495,0.4472135954999579,0.47958315233127197,1.0,0.1,222.22222222222203,True,0.1,0.9,25.0,10000.0,0.938,0.139
compass.d.h+.case5.1659,1 - 1 - 2103,301.03984399999996,2.8660254037844384,1.7320508075688772,4.0,0.084,0.038,0.13,0.7749999999999999,0.7,0.85,0.4995991973009676,0.47958315233127197,0.5196152422706632,1.0,0.1,166.66666666666637,True,0.1,0.9,25.0,10000.0,0.938,0.139
compass.d.h+.case5.1660,1 - 1 - 2103,301.03984399999996,2.8660254037844384,1.7320508075688772,4.0,0.084,0.038,0.13,0.7749999999999999,0.7,0.85,0.5336688998879147,0.5196152422706632,0.5477225575051661,1.0,0.1,222.22222222222325,True,0.1,0.9,25.0,10000.0,0.938,0.139
compass.d.h+.case5.1661,1 - 1 - 2103,301.03984399999996,2.8660254037844384,1.7320508075688772,4.0,0.084,0.038,0.13,0.7749999999999999,0.7,0.85,0.5696652679075638,0.5477225575051661,0.5916079783099616,1.0,0.1,133.3333333333332,True,0.1,0.9,25.0,10000.0,0.938,0.139
compass.d.h+.case5.1662,1 - 1 - 2103,301.03984399999996,2.8660254037844384,1.7320508075688772,4.0,0.084,0.038,0.13,0.7749999999999999,0.7,0.85,0.6120317551718187,0.5916079783099616,0.6324555320336759,1.0,0.1,133.3333333333332,True,0.1,0.9,25.0,10000.0,0.938,0.139
compass.d.h+.case5.1663,1 - 1 - 2103,301.03984399999996,2.8660254037844384,1.7320508075688772,4.0,0.084,0.038,0.13,0.7749999999999999,0.7,0.85,0.6553442651731014,0.6324555320336759,0.6782329983125268,1.0,0.1,111.1111111111111,True,0.1,0.9,25.0,10000.0,0.938,0.139
compass.d.h+.case5.1664,1 - 1 - 2103,301.03984399999996,2.8660254037844384,1.7320508075688772,4.0,0.084,0.038,0.13,0.7749999999999999,0.7,0.85,0.6996716267026624,0.6782329983125268,0.7211102550927979,1.0,0.1,111.11111111111089,True,0.1,0.9,25.0,10000.0,0.938,0.139
compass.d.h+.case5.1665,1 - 1 - 2103,301.03984399999996,2.8660254037844384,1.7320508075688772,4.0,0.084,0.038,0.13,0.7749999999999999,0.7,0.85,0.7478534621671407,0.7211102550927979,0.7745966692414834,1.0,0.1,83.33333333333337,True,0.1,0.9,25.0,10000.0,0.938,0.139
compass.d.h+.case5.1666,1 - 1 - 2103,301.03984399999996,2.8660254037844384,1.7320508075688772,4.0,0.084,0.038,0.13,0.7749999999999999,0.7,0.85,0.7996088971825077,0.7745966692414834,0.8246211251235321,1.0,0.1,83.33333333333337,True,0.1,0.9,25.0,10000.0,0.938,0.139
compass.d.h+.case5.1667,1 - 1 - 2103,301.03984399999996,2.8660254037844384,1.7320508075688772,4.0,0.084,0.038,0.13,0.7749999999999999,0.7,0.85,0.8482004569158335,0.8246211251235321,0.8717797887081347,1.0,0.1,83.33333333333347,True,0.1,0.9,25.0,10000.0,0.938,0.139
compass.d.h+.case5.1668,1 - 1 - 2103,301.03984399999996,2.8660254037844384,1.7320508075688772,4.0,0.084,0.038,0.13,0.7749999999999999,0.7,0.85,0.902258847008508,0.8717797887081347,0.9327379053088815,1.0,0.1,60.6060606060606,True,0.1,0.9,25.0,10000.0,0.938,0.139
compass.d.h+.case5.1669,1 - 1 - 2103,301.03984399999996,2.8660254037844384,1.7320508075688772,4.0,0.084,0.038,0.13,0.7749999999999999,0.7,0.85,0.9663689526544408,0.9327379053088815,1.0,1.0,0.1,51.28205128205123,True,0.1,0.9,25.0,10000.0,0.938,0.139
compass.d.h+.case5.1670,1 - 1 - 2103,301.03984399999996,2.8660254037844384,1.7320508075688772,4.0,0.084,0.038,0.13,0.7749999999999999,0.7,0.85,1.029150262212918,1.0,1.0583005244258363,1.0,0.1,55.55555555555551,True,0.1,0.9,25.0,10000.0,0.938,0.139
compass.d.h+.case5.1671,1 - 1 - 2103,301.03984399999996,2.8660254037844384,1.7320508075688772,4.0,0.084,0.038,0.13,0.7749999999999999,0.7,0.85,1.0859266984959204,1.0583005244258363,1.1135528725660044,1.0,0.1,55.55555555555551,True,0.1,0.9,25.0,10000.0,0.938,0.139
compass.d.h+.case5.1672,1 - 1 - 2103,301.03984399999996,2.8660254037844384,1.7320508075688772,4.0,0.084,0.038,0.13,0.7749999999999999,0.7,0.85,1.1441434425065387,1.1135528725660044,1.174734012447073,1.0,0.1,47.61904761904764,True,0.1,0.9,25.0,10000.0,0.938,0.139
compass.d.h+.case5.1673,1 - 1 - 2103,301.03984399999996,2.8660254037844384,1.7320508075688772,4.0,0.084,0.038,0.13,0.7749999999999999,0.7,0.85,1.2038084065204342,1.174734012447073,1.2328828005937953,1.0,0.1,47.61904761904764,True,0.1,0.9,25.0,10000.0,0.938,0.139
compass.d.h+.case5.1674,1 - 1 - 2103,301.03984399999996,2.8660254037844384,1.7320508075688772,4.0,0.084,0.038,0.13,0.7749999999999999,0.7,0.85,1.2645154701376837,1.2328828005937953,1.296148139681572,1.0,0.1,41.666666666666735,True,0.1,0.9,25.0,10000.0,0.938,0.139
compass.d.h+.case5.1675,1 - 1 - 2103,301.03984399999996,2.8660254037844384,1.7320508075688772,4.0,0.084,0.038,0.13,0.7749999999999999,0.7,0.85,1.328147595277558,1.296148139681572,1.3601470508735443,1.0,0.1,39.215686274509764,True,0.1,0.9,25.0,10000.0,0.938,0.139
compass.d.h+.case5.1676,1 - 1 - 2103,301.03984399999996,2.8660254037844384,1.7320508075688772,4.0,0.084,0.038,0.13,0.7749999999999999,0.7,0.85,1.3959645786005899,1.3601470508735443,1.4317821063276353,1.0,0.1,33.333333333333336,True,0.1,0.9,25.0,10000.0,0.938,0.139
compass.d.h+.case5.1677,1 - 1 - 2103,301.03984399999996,2.8660254037844384,1.7320508075688772,4.0,0.084,0.038,0.13,0.7749999999999999,0.7,0.85,1.4823765390016121,1.4317821063276353,1.5329709716755893,1.0,0.1,22.2222222222222,True,0.1,0.9,25.0,10000.0,0.938,0.139
compass.d.h+.case5.1678,1 - 1 - 2103,301.03984399999996,2.8660254037844384,1.7320508075688772,4.0,0.084,0.038,0.13,0.7749999999999999,0.7,0.85,1.58042651564278,1.5329709716755893,1.6278820596099706,1.0,0.1,22.222222222222232,True,0.1,0.9,25.0,10000.0,0.938,0.139
compass.d.h+.case5.1679,1 - 1 - 2103,301.03984399999996,2.8660254037844384,1.7320508075688772,4.0,0.084,0.038,0.13,0.7749999999999999,0.7,0.85,1.6799664335894238,1.6278820596099706,1.7320508075688772,1.0,0.1,19.04761904761906,True,0.1,0.9,25.0,10000.0,0.938,0.139
